# pipeline=quark_stars
# construction=without_maxwell
# m_sigma_mev=500.000000
# units=chemical potentials and sigma in MeV; densities in fm^-3; pressure and energy density in GeV fm^-3
# B0_mev4=4.033789244638e+08
# B0_gev_fm3=5.249933385925e-02
# B_mev4=0.000000000000e+00
# B_gev_fm3=0.000000000000e+00
# B_1_4_mev=0.000000
# columns=mu_u_mev mu_d_mev mu_e_mev sigma_mev constituent_mass_mev n_u_fm-3 n_d_fm-3 n_e_fm-3 n_B_fm-3 pressure_gev_fm-3 energy_density_gev_fm-3
3.012e+02 3.023e+02 1.111e+00 9.279e+01 2.993e+02 5.083e-04 1.017e-03 4.215e-09 5.083e-04 1.083e-06 4.594e-04
3.016e+02 3.034e+02 1.737e+00 9.258e+01 2.986e+02 9.982e-04 1.996e-03 2.012e-08 9.982e-04 2.935e-06 9.038e-04
3.019e+02 3.041e+02 2.266e+00 9.238e+01 2.980e+02 1.491e-03 2.982e-03 4.730e-08 1.491e-03 5.184e-06 1.352e-03
3.020e+02 3.048e+02 2.740e+00 9.217e+01 2.973e+02 1.986e-03 3.972e-03 8.573e-08 1.986e-03 7.673e-06 1.803e-03
3.022e+02 3.053e+02 3.177e+00 9.197e+01 2.967e+02 2.484e-03 4.967e-03 1.355e-07 2.484e-03 1.031e-05 2.257e-03
3.022e+02 3.058e+02 3.587e+00 9.176e+01 2.960e+02 2.984e-03 5.967e-03 1.967e-07 2.984e-03 1.302e-05 2.713e-03
3.022e+02 3.062e+02 3.976e+00 9.156e+01 2.953e+02 3.486e-03 6.971e-03 2.694e-07 3.486e-03 1.576e-05 3.172e-03
3.022e+02 3.066e+02 4.347e+00 9.135e+01 2.947e+02 3.990e-03 7.979e-03 3.537e-07 3.990e-03 1.850e-05 3.634e-03
3.022e+02 3.069e+02 4.705e+00 9.115e+01 2.940e+02 4.496e-03 8.991e-03 4.498e-07 4.496e-03 2.120e-05 4.097e-03
3.022e+02 3.072e+02 5.051e+00 9.094e+01 2.934e+02 5.004e-03 1.001e-02 5.578e-07 5.004e-03 2.384e-05 4.562e-03
3.021e+02 3.075e+02 5.387e+00 9.074e+01 2.927e+02 5.514e-03 1.103e-02 6.778e-07 5.514e-03 2.639e-05 5.030e-03
3.020e+02 3.077e+02 5.713e+00 9.053e+01 2.920e+02 6.026e-03 1.205e-02 8.100e-07 6.026e-03 2.885e-05 5.499e-03
3.019e+02 3.080e+02 6.032e+00 9.033e+01 2.914e+02 6.540e-03 1.308e-02 9.544e-07 6.539e-03 3.118e-05 5.971e-03
3.018e+02 3.082e+02 6.344e+00 9.012e+01 2.907e+02 7.056e-03 1.411e-02 1.111e-06 7.054e-03 3.340e-05 6.444e-03
3.017e+02 3.084e+02 6.649e+00 8.992e+01 2.900e+02 7.573e-03 1.514e-02 1.281e-06 7.572e-03 3.547e-05 6.919e-03
3.016e+02 3.086e+02 6.948e+00 8.971e+01 2.894e+02 8.092e-03 1.618e-02 1.463e-06 8.090e-03 3.739e-05 7.395e-03
3.015e+02 3.087e+02 7.243e+00 8.951e+01 2.887e+02 8.613e-03 1.722e-02 1.658e-06 8.611e-03 3.915e-05 7.874e-03
3.013e+02 3.089e+02 7.532e+00 8.930e+01 2.881e+02 9.135e-03 1.826e-02 1.865e-06 9.133e-03 4.075e-05 8.354e-03
3.012e+02 3.090e+02 7.817e+00 8.910e+01 2.874e+02 9.659e-03 1.931e-02 2.086e-06 9.657e-03 4.217e-05 8.835e-03
3.011e+02 3.092e+02 8.098e+00 8.889e+01 2.867e+02 1.018e-02 2.036e-02 2.320e-06 1.018e-02 4.342e-05 9.318e-03
3.009e+02 3.093e+02 8.375e+00 8.868e+01 2.861e+02 1.071e-02 2.142e-02 2.568e-06 1.071e-02 4.448e-05 9.803e-03
3.008e+02 3.094e+02 8.649e+00 8.848e+01 2.854e+02 1.124e-02 2.247e-02 2.829e-06 1.124e-02 4.535e-05 1.029e-02
3.006e+02 3.095e+02 8.919e+00 8.827e+01 2.848e+02 1.177e-02 2.353e-02 3.104e-06 1.177e-02 4.603e-05 1.078e-02
3.004e+02 3.096e+02 9.187e+00 8.807e+01 2.841e+02 1.230e-02 2.460e-02 3.392e-06 1.230e-02 4.651e-05 1.126e-02
3.003e+02 3.097e+02 9.451e+00 8.786e+01 2.834e+02 1.284e-02 2.566e-02 3.694e-06 1.283e-02 4.679e-05 1.175e-02
3.001e+02 3.098e+02 9.713e+00 8.766e+01 2.828e+02 1.337e-02 2.673e-02 4.011e-06 1.337e-02 4.687e-05 1.225e-02
2.999e+02 3.099e+02 9.972e+00 8.745e+01 2.821e+02 1.391e-02 2.780e-02 4.341e-06 1.390e-02 4.674e-05 1.274e-02
2.997e+02 3.100e+02 1.023e+01 8.725e+01 2.815e+02 1.444e-02 2.887e-02 4.686e-06 1.444e-02 4.640e-05 1.323e-02
2.996e+02 3.100e+02 1.048e+01 8.704e+01 2.808e+02 1.498e-02 2.995e-02 5.046e-06 1.498e-02 4.585e-05 1.373e-02
2.994e+02 3.101e+02 1.074e+01 8.684e+01 2.801e+02 1.552e-02 3.103e-02 5.420e-06 1.552e-02 4.509e-05 1.423e-02
2.992e+02 3.102e+02 1.099e+01 8.663e+01 2.795e+02 1.607e-02 3.211e-02 5.809e-06 1.606e-02 4.411e-05 1.472e-02
2.990e+02 3.102e+02 1.123e+01 8.643e+01 2.788e+02 1.661e-02 3.320e-02 6.212e-06 1.660e-02 4.292e-05 1.522e-02
2.988e+02 3.103e+02 1.148e+01 8.622e+01 2.781e+02 1.715e-02 3.429e-02 6.631e-06 1.715e-02 4.151e-05 1.572e-02
2.986e+02 3.103e+02 1.172e+01 8.602e+01 2.775e+02 1.770e-02 3.538e-02 7.065e-06 1.769e-02 3.988e-05 1.622e-02
2.984e+02 3.104e+02 1.197e+01 8.581e+01 2.768e+02 1.825e-02 3.647e-02 7.514e-06 1.824e-02 3.803e-05 1.673e-02
2.982e+02 3.104e+02 1.221e+01 8.561e+01 2.762e+02 1.879e-02 3.757e-02 7.979e-06 1.879e-02 3.597e-05 1.723e-02
2.980e+02 3.105e+02 1.245e+01 8.540e+01 2.755e+02 1.934e-02 3.866e-02 8.459e-06 1.934e-02 3.368e-05 1.773e-02
2.978e+02 3.105e+02 1.269e+01 8.520e+01 2.748e+02 1.990e-02 3.976e-02 8.955e-06 1.989e-02 3.117e-05 1.824e-02
2.976e+02 3.105e+02 1.292e+01 8.499e+01 2.742e+02 2.045e-02 4.087e-02 9.466e-06 2.044e-02 2.844e-05 1.875e-02
2.974e+02 3.106e+02 1.316e+01 8.479e+01 2.735e+02 2.100e-02 4.197e-02 9.994e-06 2.099e-02 2.549e-05 1.926e-02
2.972e+02 3.106e+02 1.339e+01 8.458e+01 2.729e+02 2.156e-02 4.308e-02 1.054e-05 2.154e-02 2.232e-05 1.976e-02
2.970e+02 3.106e+02 1.363e+01 8.438e+01 2.722e+02 2.211e-02 4.419e-02 1.110e-05 2.210e-02 1.893e-05 2.027e-02
2.968e+02 3.106e+02 1.386e+01 8.417e+01 2.715e+02 2.267e-02 4.530e-02 1.167e-05 2.266e-02 1.532e-05 2.078e-02
2.966e+02 3.107e+02 1.409e+01 8.397e+01 2.709e+02 2.323e-02 4.642e-02 1.227e-05 2.321e-02 1.149e-05 2.130e-02
2.964e+02 3.107e+02 1.432e+01 8.376e+01 2.702e+02 2.379e-02 4.753e-02 1.288e-05 2.377e-02 7.438e-06 2.181e-02
2.961e+02 3.107e+02 1.455e+01 8.356e+01 2.695e+02 2.435e-02 4.865e-02 1.350e-05 2.433e-02 3.167e-06 2.232e-02
2.959e+02 3.107e+02 1.477e+01 8.335e+01 2.689e+02 2.491e-02 4.977e-02 1.415e-05 2.489e-02 -1.323e-06 2.284e-02
2.957e+02 3.107e+02 1.500e+01 8.315e+01 2.682e+02 2.547e-02 5.090e-02 1.481e-05 2.545e-02 -6.031e-06 2.335e-02
2.955e+02 3.107e+02 1.522e+01 8.294e+01 2.676e+02 2.603e-02 5.202e-02 1.548e-05 2.602e-02 -1.096e-05 2.387e-02
2.953e+02 3.107e+02 1.545e+01 8.274e+01 2.669e+02 2.660e-02 5.315e-02 1.618e-05 2.658e-02 -1.610e-05 2.439e-02
2.951e+02 3.108e+02 1.567e+01 8.253e+01 2.662e+02 2.716e-02 5.428e-02 1.689e-05 2.715e-02 -2.146e-05 2.490e-02
2.949e+02 3.108e+02 1.589e+01 8.233e+01 2.656e+02 2.773e-02 5.541e-02 1.762e-05 2.771e-02 -2.703e-05 2.542e-02
2.946e+02 3.108e+02 1.611e+01 8.212e+01 2.649e+02 2.830e-02 5.654e-02 1.836e-05 2.828e-02 -3.282e-05 2.594e-02
2.944e+02 3.108e+02 1.633e+01 8.192e+01 2.643e+02 2.887e-02 5.768e-02 1.913e-05 2.885e-02 -3.882e-05 2.646e-02
2.942e+02 3.108e+02 1.655e+01 8.171e+01 2.636e+02 2.944e-02 5.881e-02 1.991e-05 2.942e-02 -4.503e-05 2.698e-02
2.940e+02 3.108e+02 1.677e+01 8.151e+01 2.629e+02 3.001e-02 5.995e-02 2.071e-05 2.999e-02 -5.145e-05 2.751e-02
2.938e+02 3.108e+02 1.699e+01 8.130e+01 2.623e+02 3.058e-02 6.109e-02 2.153e-05 3.056e-02 -5.808e-05 2.803e-02
2.936e+02 3.108e+02 1.721e+01 8.110e+01 2.616e+02 3.115e-02 6.224e-02 2.237e-05 3.113e-02 -6.492e-05 2.855e-02
2.933e+02 3.108e+02 1.742e+01 8.089e+01 2.609e+02 3.173e-02 6.338e-02 2.322e-05 3.170e-02 -7.196e-05 2.908e-02
2.931e+02 3.108e+02 1.764e+01 8.069e+01 2.603e+02 3.230e-02 6.453e-02 2.410e-05 3.228e-02 -7.921e-05 2.960e-02
2.929e+02 3.108e+02 1.785e+01 8.048e+01 2.596e+02 3.288e-02 6.568e-02 2.499e-05 3.285e-02 -8.667e-05 3.013e-02
2.927e+02 3.107e+02 1.807e+01 8.028e+01 2.590e+02 3.345e-02 6.683e-02 2.590e-05 3.343e-02 -9.433e-05 3.065e-02
2.925e+02 3.107e+02 1.828e+01 8.007e+01 2.583e+02 3.403e-02 6.798e-02 2.683e-05 3.400e-02 -1.022e-04 3.118e-02
2.922e+02 3.107e+02 1.849e+01 7.987e+01 2.576e+02 3.461e-02 6.913e-02 2.778e-05 3.458e-02 -1.102e-04 3.171e-02
2.920e+02 3.107e+02 1.871e+01 7.966e+01 2.570e+02 3.519e-02 7.029e-02 2.874e-05 3.516e-02 -1.185e-04 3.223e-02
2.918e+02 3.107e+02 1.892e+01 7.946e+01 2.563e+02 3.577e-02 7.145e-02 2.973e-05 3.574e-02 -1.269e-04 3.276e-02
2.916e+02 3.107e+02 1.913e+01 7.925e+01 2.557e+02 3.635e-02 7.260e-02 3.074e-05 3.632e-02 -1.356e-04 3.329e-02
2.914e+02 3.107e+02 1.934e+01 7.905e+01 2.550e+02 3.693e-02 7.376e-02 3.176e-05 3.690e-02 -1.444e-04 3.382e-02
2.911e+02 3.107e+02 1.955e+01 7.884e+01 2.543e+02 3.751e-02 7.493e-02 3.280e-05 3.748e-02 -1.535e-04 3.435e-02
2.909e+02 3.107e+02 1.976e+01 7.864e+01 2.537e+02 3.810e-02 7.609e-02 3.387e-05 3.806e-02 -1.627e-04 3.488e-02
2.907e+02 3.107e+02 1.997e+01 7.843e+01 2.530e+02 3.868e-02 7.725e-02 3.495e-05 3.864e-02 -1.721e-04 3.542e-02
2.905e+02 3.107e+02 2.017e+01 7.823e+01 2.523e+02 3.926e-02 7.842e-02 3.606e-05 3.923e-02 -1.817e-04 3.595e-02
2.903e+02 3.106e+02 2.038e+01 7.802e+01 2.517e+02 3.985e-02 7.959e-02 3.718e-05 3.981e-02 -1.914e-04 3.648e-02
2.900e+02 3.106e+02 2.059e+01 7.782e+01 2.510e+02 4.044e-02 8.076e-02 3.832e-05 4.040e-02 -2.014e-04 3.702e-02
2.898e+02 3.106e+02 2.079e+01 7.761e+01 2.504e+02 4.102e-02 8.193e-02 3.949e-05 4.098e-02 -2.115e-04 3.755e-02
2.896e+02 3.106e+02 2.100e+01 7.741e+01 2.497e+02 4.161e-02 8.310e-02 4.067e-05 4.157e-02 -2.218e-04 3.808e-02
2.894e+02 3.106e+02 2.120e+01 7.720e+01 2.490e+02 4.220e-02 8.427e-02 4.187e-05 4.216e-02 -2.323e-04 3.862e-02
2.892e+02 3.106e+02 2.141e+01 7.700e+01 2.484e+02 4.279e-02 8.545e-02 4.310e-05 4.275e-02 -2.430e-04 3.915e-02
2.889e+02 3.105e+02 2.161e+01 7.679e+01 2.477e+02 4.338e-02 8.662e-02 4.434e-05 4.333e-02 -2.538e-04 3.969e-02
2.887e+02 3.105e+02 2.182e+01 7.659e+01 2.471e+02 4.397e-02 8.780e-02 4.560e-05 4.392e-02 -2.648e-04 4.023e-02
2.885e+02 3.105e+02 2.202e+01 7.638e+01 2.464e+02 4.456e-02 8.898e-02 4.689e-05 4.451e-02 -2.760e-04 4.076e-02
2.883e+02 3.105e+02 2.222e+01 7.618e+01 2.457e+02 4.515e-02 9.016e-02 4.820e-05 4.510e-02 -2.873e-04 4.130e-02
2.881e+02 3.105e+02 2.242e+01 7.597e+01 2.451e+02 4.575e-02 9.134e-02 4.952e-05 4.570e-02 -2.988e-04 4.184e-02
2.878e+02 3.105e+02 2.263e+01 7.577e+01 2.444e+02 4.634e-02 9.253e-02 5.087e-05 4.629e-02 -3.105e-04 4.238e-02
2.876e+02 3.104e+02 2.283e+01 7.556e+01 2.438e+02 4.693e-02 9.371e-02 5.224e-05 4.688e-02 -3.223e-04 4.291e-02
2.874e+02 3.104e+02 2.303e+01 7.536e+01 2.431e+02 4.753e-02 9.489e-02 5.363e-05 4.747e-02 -3.343e-04 4.345e-02
2.872e+02 3.104e+02 2.323e+01 7.515e+01 2.424e+02 4.812e-02 9.608e-02 5.504e-05 4.807e-02 -3.464e-04 4.399e-02
2.870e+02 3.104e+02 2.343e+01 7.495e+01 2.418e+02 4.872e-02 9.727e-02 5.647e-05 4.866e-02 -3.587e-04 4.453e-02
2.867e+02 3.104e+02 2.363e+01 7.474e+01 2.411e+02 4.932e-02 9.846e-02 5.792e-05 4.926e-02 -3.711e-04 4.507e-02
2.865e+02 3.104e+02 2.382e+01 7.454e+01 2.404e+02 4.991e-02 9.965e-02 5.940e-05 4.985e-02 -3.837e-04 4.561e-02
2.863e+02 3.103e+02 2.402e+01 7.433e+01 2.398e+02 5.051e-02 1.008e-01 6.089e-05 5.045e-02 -3.964e-04 4.615e-02
2.861e+02 3.103e+02 2.422e+01 7.413e+01 2.391e+02 5.111e-02 1.020e-01 6.241e-05 5.105e-02 -4.093e-04 4.669e-02
2.859e+02 3.103e+02 2.442e+01 7.392e+01 2.385e+02 5.171e-02 1.032e-01 6.395e-05 5.164e-02 -4.223e-04 4.724e-02
2.857e+02 3.103e+02 2.461e+01 7.372e+01 2.378e+02 5.231e-02 1.044e-01 6.551e-05 5.224e-02 -4.354e-04 4.778e-02
2.855e+02 3.103e+02 2.481e+01 7.351e+01 2.371e+02 5.291e-02 1.056e-01 6.709e-05 5.284e-02 -4.487e-04 4.832e-02
2.852e+02 3.102e+02 2.501e+01 7.331e+01 2.365e+02 5.351e-02 1.068e-01 6.870e-05 5.344e-02 -4.621e-04 4.886e-02
2.850e+02 3.102e+02 2.520e+01 7.310e+01 2.358e+02 5.411e-02 1.080e-01 7.032e-05 5.404e-02 -4.756e-04 4.940e-02
2.848e+02 3.102e+02 2.540e+01 7.290e+01 2.352e+02 5.471e-02 1.092e-01 7.197e-05 5.464e-02 -4.893e-04 4.995e-02
2.846e+02 3.102e+02 2.559e+01 7.269e+01 2.345e+02 5.531e-02 1.104e-01 7.364e-05 5.524e-02 -5.031e-04 5.049e-02
2.844e+02 3.102e+02 2.579e+01 7.249e+01 2.338e+02 5.591e-02 1.116e-01 7.533e-05 5.584e-02 -5.170e-04 5.103e-02
2.842e+02 3.102e+02 2.598e+01 7.228e+01 2.332e+02 5.652e-02 1.128e-01 7.705e-05 5.644e-02 -5.310e-04 5.158e-02
2.840e+02 3.101e+02 2.618e+01 7.208e+01 2.325e+02 5.712e-02 1.140e-01 7.878e-05 5.704e-02 -5.452e-04 5.212e-02
2.837e+02 3.101e+02 2.637e+01 7.187e+01 2.318e+02 5.772e-02 1.152e-01 8.054e-05 5.764e-02 -5.594e-04 5.267e-02
2.835e+02 3.101e+02 2.656e+01 7.167e+01 2.312e+02 5.833e-02 1.164e-01 8.232e-05 5.824e-02 -5.738e-04 5.321e-02
2.833e+02 3.101e+02 2.675e+01 7.146e+01 2.305e+02 5.893e-02 1.176e-01 8.412e-05 5.885e-02 -5.883e-04 5.376e-02
2.831e+02 3.101e+02 2.695e+01 7.126e+01 2.299e+02 5.954e-02 1.188e-01 8.595e-05 5.945e-02 -6.029e-04 5.430e-02
2.829e+02 3.100e+02 2.714e+01 7.105e+01 2.292e+02 6.014e-02 1.200e-01 8.780e-05 6.005e-02 -6.176e-04 5.485e-02
2.827e+02 3.100e+02 2.733e+01 7.085e+01 2.285e+02 6.075e-02 1.212e-01 8.967e-05 6.066e-02 -6.324e-04 5.539e-02
2.825e+02 3.100e+02 2.752e+01 7.064e+01 2.279e+02 6.135e-02 1.224e-01 9.156e-05 6.126e-02 -6.472e-04 5.594e-02
2.823e+02 3.100e+02 2.771e+01 7.044e+01 2.272e+02 6.196e-02 1.236e-01 9.347e-05 6.187e-02 -6.622e-04 5.648e-02
2.821e+02 3.100e+02 2.790e+01 7.023e+01 2.266e+02 6.257e-02 1.249e-01 9.541e-05 6.247e-02 -6.773e-04 5.703e-02
2.819e+02 3.100e+02 2.809e+01 7.003e+01 2.259e+02 6.318e-02 1.261e-01 9.737e-05 6.308e-02 -6.925e-04 5.758e-02
2.817e+02 3.099e+02 2.828e+01 6.982e+01 2.252e+02 6.378e-02 1.273e-01 9.936e-05 6.369e-02 -7.077e-04 5.812e-02
2.815e+02 3.099e+02 2.847e+01 6.962e+01 2.246e+02 6.439e-02 1.285e-01 1.014e-04 6.429e-02 -7.231e-04 5.867e-02
2.812e+02 3.099e+02 2.866e+01 6.941e+01 2.239e+02 6.500e-02 1.297e-01 1.034e-04 6.490e-02 -7.385e-04 5.921e-02
2.810e+02 3.099e+02 2.884e+01 6.921e+01 2.232e+02 6.561e-02 1.309e-01 1.054e-04 6.551e-02 -7.540e-04 5.976e-02
2.808e+02 3.099e+02 2.903e+01 6.900e+01 2.226e+02 6.622e-02 1.321e-01 1.075e-04 6.611e-02 -7.695e-04 6.031e-02
2.806e+02 3.099e+02 2.922e+01 6.880e+01 2.219e+02 6.683e-02 1.333e-01 1.096e-04 6.672e-02 -7.852e-04 6.086e-02
2.804e+02 3.098e+02 2.941e+01 6.859e+01 2.213e+02 6.744e-02 1.345e-01 1.117e-04 6.733e-02 -8.009e-04 6.140e-02
2.802e+02 3.098e+02 2.959e+01 6.839e+01 2.206e+02 6.805e-02 1.358e-01 1.139e-04 6.794e-02 -8.167e-04 6.195e-02
2.800e+02 3.098e+02 2.978e+01 6.818e+01 2.199e+02 6.866e-02 1.370e-01 1.160e-04 6.855e-02 -8.325e-04 6.250e-02
2.798e+02 3.098e+02 2.997e+01 6.798e+01 2.193e+02 6.927e-02 1.382e-01 1.182e-04 6.915e-02 -8.484e-04 6.305e-02
2.796e+02 3.098e+02 3.015e+01 6.777e+01 2.186e+02 6.988e-02 1.394e-01 1.204e-04 6.976e-02 -8.643e-04 6.359e-02
2.794e+02 3.098e+02 3.034e+01 6.757e+01 2.180e+02 7.050e-02 1.406e-01 1.227e-04 7.037e-02 -8.803e-04 6.414e-02
2.792e+02 3.097e+02 3.052e+01 6.736e+01 2.173e+02 7.111e-02 1.418e-01 1.249e-04 7.098e-02 -8.964e-04 6.469e-02
2.790e+02 3.097e+02 3.071e+01 6.716e+01 2.166e+02 7.172e-02 1.431e-01 1.272e-04 7.159e-02 -9.125e-04 6.524e-02
2.788e+02 3.097e+02 3.089e+01 6.695e+01 2.160e+02 7.233e-02 1.443e-01 1.295e-04 7.220e-02 -9.286e-04 6.579e-02
2.786e+02 3.097e+02 3.108e+01 6.675e+01 2.153e+02 7.294e-02 1.455e-01 1.319e-04 7.281e-02 -9.448e-04 6.633e-02
2.784e+02 3.097e+02 3.126e+01 6.654e+01 2.146e+02 7.356e-02 1.467e-01 1.342e-04 7.342e-02 -9.611e-04 6.688e-02
2.782e+02 3.097e+02 3.144e+01 6.634e+01 2.140e+02 7.417e-02 1.479e-01 1.366e-04 7.403e-02 -9.773e-04 6.743e-02
2.780e+02 3.097e+02 3.162e+01 6.613e+01 2.133e+02 7.478e-02 1.492e-01 1.390e-04 7.465e-02 -9.936e-04 6.798e-02
2.779e+02 3.097e+02 3.181e+01 6.593e+01 2.127e+02 7.540e-02 1.504e-01 1.414e-04 7.526e-02 -1.010e-03 6.853e-02
2.777e+02 3.096e+02 3.199e+01 6.572e+01 2.120e+02 7.601e-02 1.516e-01 1.438e-04 7.587e-02 -1.026e-03 6.908e-02
2.775e+02 3.096e+02 3.217e+01 6.552e+01 2.113e+02 7.663e-02 1.528e-01 1.463e-04 7.648e-02 -1.043e-03 6.963e-02
2.773e+02 3.096e+02 3.235e+01 6.531e+01 2.107e+02 7.724e-02 1.540e-01 1.488e-04 7.709e-02 -1.059e-03 7.017e-02
2.771e+02 3.096e+02 3.253e+01 6.511e+01 2.100e+02 7.786e-02 1.553e-01 1.513e-04 7.771e-02 -1.075e-03 7.072e-02
2.769e+02 3.096e+02 3.271e+01 6.490e+01 2.094e+02 7.847e-02 1.565e-01 1.538e-04 7.832e-02 -1.092e-03 7.127e-02
2.767e+02 3.096e+02 3.289e+01 6.470e+01 2.087e+02 7.909e-02 1.577e-01 1.564e-04 7.893e-02 -1.108e-03 7.182e-02
2.765e+02 3.096e+02 3.307e+01 6.449e+01 2.080e+02 7.970e-02 1.589e-01 1.590e-04 7.954e-02 -1.125e-03 7.237e-02
2.763e+02 3.096e+02 3.325e+01 6.429e+01 2.074e+02 8.032e-02 1.602e-01 1.616e-04 8.016e-02 -1.141e-03 7.292e-02
2.761e+02 3.096e+02 3.343e+01 6.408e+01 2.067e+02 8.093e-02 1.614e-01 1.642e-04 8.077e-02 -1.157e-03 7.347e-02
2.759e+02 3.096e+02 3.361e+01 6.388e+01 2.061e+02 8.155e-02 1.626e-01 1.669e-04 8.138e-02 -1.174e-03 7.402e-02
2.758e+02 3.096e+02 3.379e+01 6.367e+01 2.054e+02 8.217e-02 1.638e-01 1.696e-04 8.200e-02 -1.190e-03 7.457e-02
2.756e+02 3.095e+02 3.397e+01 6.347e+01 2.047e+02 8.278e-02 1.650e-01 1.723e-04 8.261e-02 -1.207e-03 7.512e-02
2.754e+02 3.095e+02 3.415e+01 6.326e+01 2.041e+02 8.340e-02 1.663e-01 1.750e-04 8.322e-02 -1.223e-03 7.566e-02
2.752e+02 3.095e+02 3.433e+01 6.306e+01 2.034e+02 8.401e-02 1.675e-01 1.777e-04 8.384e-02 -1.239e-03 7.621e-02
2.750e+02 3.095e+02 3.450e+01 6.285e+01 2.027e+02 8.463e-02 1.687e-01 1.805e-04 8.445e-02 -1.256e-03 7.676e-02
2.748e+02 3.095e+02 3.468e+01 6.265e+01 2.021e+02 8.525e-02 1.699e-01 1.833e-04 8.507e-02 -1.272e-03 7.731e-02
2.747e+02 3.095e+02 3.486e+01 6.244e+01 2.014e+02 8.587e-02 1.712e-01 1.861e-04 8.568e-02 -1.288e-03 7.786e-02
2.745e+02 3.095e+02 3.503e+01 6.224e+01 2.008e+02 8.648e-02 1.724e-01 1.889e-04 8.629e-02 -1.304e-03 7.841e-02
2.743e+02 3.095e+02 3.521e+01 6.203e+01 2.001e+02 8.710e-02 1.736e-01 1.918e-04 8.691e-02 -1.321e-03 7.896e-02
2.741e+02 3.095e+02 3.538e+01 6.183e+01 1.994e+02 8.772e-02 1.749e-01 1.947e-04 8.752e-02 -1.337e-03 7.951e-02
2.739e+02 3.095e+02 3.556e+01 6.162e+01 1.988e+02 8.834e-02 1.761e-01 1.976e-04 8.814e-02 -1.353e-03 8.006e-02
2.738e+02 3.095e+02 3.573e+01 6.142e+01 1.981e+02 8.895e-02 1.773e-01 2.005e-04 8.875e-02 -1.369e-03 8.061e-02
2.736e+02 3.095e+02 3.591e+01 6.121e+01 1.975e+02 8.957e-02 1.785e-01 2.035e-04 8.937e-02 -1.385e-03 8.116e-02
2.734e+02 3.095e+02 3.608e+01 6.101e+01 1.968e+02 9.019e-02 1.798e-01 2.064e-04 8.998e-02 -1.401e-03 8.170e-02
2.732e+02 3.095e+02 3.626e+01 6.080e+01 1.961e+02 9.081e-02 1.810e-01 2.094e-04 9.060e-02 -1.417e-03 8.225e-02
2.731e+02 3.095e+02 3.643e+01 6.060e+01 1.955e+02 9.143e-02 1.822e-01 2.125e-04 9.121e-02 -1.432e-03 8.280e-02
2.729e+02 3.095e+02 3.660e+01 6.039e+01 1.948e+02 9.205e-02 1.834e-01 2.155e-04 9.183e-02 -1.448e-03 8.335e-02
2.727e+02 3.095e+02 3.678e+01 6.019e+01 1.941e+02 9.266e-02 1.847e-01 2.186e-04 9.245e-02 -1.464e-03 8.390e-02
2.726e+02 3.095e+02 3.695e+01 5.998e+01 1.935e+02 9.328e-02 1.859e-01 2.217e-04 9.306e-02 -1.479e-03 8.445e-02
2.724e+02 3.095e+02 3.712e+01 5.978e+01 1.928e+02 9.390e-02 1.871e-01 2.248e-04 9.368e-02 -1.495e-03 8.500e-02
2.722e+02 3.095e+02 3.729e+01 5.957e+01 1.922e+02 9.452e-02 1.884e-01 2.279e-04 9.429e-02 -1.510e-03 8.555e-02
2.720e+02 3.095e+02 3.747e+01 5.936e+01 1.915e+02 9.514e-02 1.896e-01 2.311e-04 9.491e-02 -1.526e-03 8.610e-02
2.719e+02 3.095e+02 3.764e+01 5.916e+01 1.908e+02 9.576e-02 1.908e-01 2.343e-04 9.553e-02 -1.541e-03 8.665e-02
2.717e+02 3.095e+02 3.781e+01 5.895e+01 1.902e+02 9.638e-02 1.920e-01 2.375e-04 9.614e-02 -1.556e-03 8.719e-02
2.715e+02 3.095e+02 3.798e+01 5.875e+01 1.895e+02 9.700e-02 1.933e-01 2.407e-04 9.676e-02 -1.571e-03 8.774e-02
2.714e+02 3.095e+02 3.815e+01 5.854e+01 1.889e+02 9.762e-02 1.945e-01 2.440e-04 9.737e-02 -1.586e-03 8.829e-02
2.712e+02 3.095e+02 3.832e+01 5.834e+01 1.882e+02 9.824e-02 1.957e-01 2.472e-04 9.799e-02 -1.601e-03 8.884e-02
2.711e+02 3.095e+02 3.849e+01 5.813e+01 1.875e+02 9.886e-02 1.970e-01 2.505e-04 9.861e-02 -1.615e-03 8.939e-02
2.709e+02 3.096e+02 3.866e+01 5.793e+01 1.869e+02 9.948e-02 1.982e-01 2.538e-04 9.922e-02 -1.630e-03 8.994e-02
2.707e+02 3.096e+02 3.883e+01 5.772e+01 1.862e+02 1.001e-01 1.994e-01 2.572e-04 9.984e-02 -1.644e-03 9.049e-02
2.706e+02 3.096e+02 3.899e+01 5.752e+01 1.855e+02 1.007e-01 2.007e-01 2.605e-04 1.005e-01 -1.658e-03 9.104e-02
2.704e+02 3.096e+02 3.916e+01 5.731e+01 1.849e+02 1.013e-01 2.019e-01 2.639e-04 1.011e-01 -1.673e-03 9.159e-02
2.703e+02 3.096e+02 3.933e+01 5.711e+01 1.842e+02 1.020e-01 2.031e-01 2.673e-04 1.017e-01 -1.687e-03 9.213e-02
2.701e+02 3.096e+02 3.950e+01 5.690e+01 1.836e+02 1.026e-01 2.043e-01 2.708e-04 1.023e-01 -1.700e-03 9.268e-02
2.699e+02 3.096e+02 3.966e+01 5.670e+01 1.829e+02 1.032e-01 2.056e-01 2.742e-04 1.029e-01 -1.714e-03 9.323e-02
2.698e+02 3.096e+02 3.983e+01 5.649e+01 1.822e+02 1.038e-01 2.068e-01 2.777e-04 1.035e-01 -1.728e-03 9.378e-02
2.696e+02 3.096e+02 4.000e+01 5.629e+01 1.816e+02 1.044e-01 2.080e-01 2.812e-04 1.042e-01 -1.741e-03 9.433e-02
2.695e+02 3.096e+02 4.016e+01 5.608e+01 1.809e+02 1.051e-01 2.093e-01 2.847e-04 1.048e-01 -1.754e-03 9.488e-02
2.693e+02 3.097e+02 4.033e+01 5.588e+01 1.803e+02 1.057e-01 2.105e-01 2.883e-04 1.054e-01 -1.767e-03 9.543e-02
2.692e+02 3.097e+02 4.049e+01 5.567e+01 1.796e+02 1.063e-01 2.117e-01 2.918e-04 1.060e-01 -1.780e-03 9.597e-02
2.690e+02 3.097e+02 4.066e+01 5.547e+01 1.789e+02 1.069e-01 2.130e-01 2.954e-04 1.066e-01 -1.793e-03 9.652e-02
2.689e+02 3.097e+02 4.082e+01 5.526e+01 1.783e+02 1.075e-01 2.142e-01 2.990e-04 1.072e-01 -1.806e-03 9.707e-02
2.687e+02 3.097e+02 4.099e+01 5.506e+01 1.776e+02 1.082e-01 2.154e-01 3.026e-04 1.079e-01 -1.818e-03 9.762e-02
2.686e+02 3.097e+02 4.115e+01 5.485e+01 1.769e+02 1.088e-01 2.167e-01 3.063e-04 1.085e-01 -1.830e-03 9.817e-02
2.684e+02 3.098e+02 4.132e+01 5.465e+01 1.763e+02 1.094e-01 2.179e-01 3.100e-04 1.091e-01 -1.842e-03 9.872e-02
2.683e+02 3.098e+02 4.148e+01 5.444e+01 1.756e+02 1.100e-01 2.191e-01 3.136e-04 1.097e-01 -1.854e-03 9.927e-02
2.682e+02 3.098e+02 4.164e+01 5.424e+01 1.750e+02 1.107e-01 2.204e-01 3.174e-04 1.103e-01 -1.865e-03 9.982e-02
2.680e+02 3.098e+02 4.181e+01 5.403e+01 1.743e+02 1.113e-01 2.216e-01 3.211e-04 1.110e-01 -1.876e-03 1.004e-01
2.679e+02 3.098e+02 4.197e+01 5.383e+01 1.736e+02 1.119e-01 2.228e-01 3.249e-04 1.116e-01 -1.888e-03 1.009e-01
2.677e+02 3.099e+02 4.213e+01 5.362e+01 1.730e+02 1.125e-01 2.241e-01 3.286e-04 1.122e-01 -1.898e-03 1.015e-01
2.676e+02 3.099e+02 4.229e+01 5.342e+01 1.723e+02 1.131e-01 2.253e-01 3.324e-04 1.128e-01 -1.909e-03 1.020e-01
2.675e+02 3.099e+02 4.245e+01 5.321e+01 1.717e+02 1.138e-01 2.265e-01 3.363e-04 1.134e-01 -1.919e-03 1.026e-01
2.673e+02 3.099e+02 4.261e+01 5.301e+01 1.710e+02 1.144e-01 2.278e-01 3.401e-04 1.140e-01 -1.930e-03 1.031e-01
2.672e+02 3.100e+02 4.278e+01 5.280e+01 1.703e+02 1.150e-01 2.290e-01 3.440e-04 1.147e-01 -1.939e-03 1.037e-01
2.670e+02 3.100e+02 4.294e+01 5.260e+01 1.697e+02 1.156e-01 2.302e-01 3.478e-04 1.153e-01 -1.949e-03 1.042e-01
2.669e+02 3.100e+02 4.310e+01 5.239e+01 1.690e+02 1.163e-01 2.315e-01 3.518e-04 1.159e-01 -1.958e-03 1.048e-01
2.668e+02 3.100e+02 4.326e+01 5.219e+01 1.684e+02 1.169e-01 2.327e-01 3.557e-04 1.165e-01 -1.967e-03 1.053e-01
2.666e+02 3.101e+02 4.342e+01 5.198e+01 1.677e+02 1.175e-01 2.339e-01 3.596e-04 1.171e-01 -1.976e-03 1.059e-01
2.665e+02 3.101e+02 4.357e+01 5.178e+01 1.670e+02 1.181e-01 2.352e-01 3.636e-04 1.178e-01 -1.985e-03 1.064e-01
2.664e+02 3.101e+02 4.373e+01 5.157e+01 1.664e+02 1.187e-01 2.364e-01 3.676e-04 1.184e-01 -1.993e-03 1.070e-01
2.663e+02 3.101e+02 4.389e+01 5.137e+01 1.657e+02 1.194e-01 2.376e-01 3.716e-04 1.190e-01 -2.001e-03 1.075e-01
2.661e+02 3.102e+02 4.405e+01 5.116e+01 1.650e+02 1.200e-01 2.389e-01 3.756e-04 1.196e-01 -2.009e-03 1.081e-01
2.660e+02 3.102e+02 4.421e+01 5.096e+01 1.644e+02 1.206e-01 2.401e-01 3.797e-04 1.202e-01 -2.016e-03 1.086e-01
2.659e+02 3.102e+02 4.436e+01 5.075e+01 1.637e+02 1.212e-01 2.413e-01 3.837e-04 1.209e-01 -2.023e-03 1.092e-01
2.658e+02 3.103e+02 4.452e+01 5.055e+01 1.631e+02 1.219e-01 2.426e-01 3.878e-04 1.215e-01 -2.030e-03 1.097e-01
2.656e+02 3.103e+02 4.468e+01 5.034e+01 1.624e+02 1.225e-01 2.438e-01 3.919e-04 1.221e-01 -2.036e-03 1.103e-01
2.655e+02 3.104e+02 4.483e+01 5.014e+01 1.617e+02 1.231e-01 2.451e-01 3.961e-04 1.227e-01 -2.042e-03 1.108e-01
2.654e+02 3.104e+02 4.499e+01 4.993e+01 1.611e+02 1.237e-01 2.463e-01 4.002e-04 1.233e-01 -2.048e-03 1.114e-01
2.653e+02 3.104e+02 4.515e+01 4.973e+01 1.604e+02 1.244e-01 2.475e-01 4.044e-04 1.240e-01 -2.054e-03 1.119e-01
2.652e+02 3.105e+02 4.530e+01 4.952e+01 1.598e+02 1.250e-01 2.488e-01 4.086e-04 1.246e-01 -2.059e-03 1.125e-01
2.650e+02 3.105e+02 4.546e+01 4.932e+01 1.591e+02 1.256e-01 2.500e-01 4.128e-04 1.252e-01 -2.063e-03 1.130e-01
2.649e+02 3.105e+02 4.561e+01 4.911e+01 1.584e+02 1.263e-01 2.512e-01 4.170e-04 1.258e-01 -2.068e-03 1.136e-01
2.648e+02 3.106e+02 4.577e+01 4.891e+01 1.578e+02 1.269e-01 2.525e-01 4.213e-04 1.265e-01 -2.072e-03 1.141e-01
2.647e+02 3.106e+02 4.592e+01 4.870e+01 1.571e+02 1.275e-01 2.537e-01 4.255e-04 1.271e-01 -2.075e-03 1.147e-01
2.646e+02 3.107e+02 4.607e+01 4.850e+01 1.564e+02 1.281e-01 2.550e-01 4.298e-04 1.277e-01 -2.078e-03 1.152e-01
2.645e+02 3.107e+02 4.623e+01 4.829e+01 1.558e+02 1.288e-01 2.562e-01 4.341e-04 1.283e-01 -2.081e-03 1.158e-01
2.644e+02 3.108e+02 4.638e+01 4.809e+01 1.551e+02 1.294e-01 2.575e-01 4.385e-04 1.289e-01 -2.083e-03 1.163e-01
2.643e+02 3.108e+02 4.653e+01 4.788e+01 1.545e+02 1.300e-01 2.587e-01 4.428e-04 1.296e-01 -2.085e-03 1.169e-01
2.642e+02 3.108e+02 4.669e+01 4.768e+01 1.538e+02 1.306e-01 2.599e-01 4.472e-04 1.302e-01 -2.087e-03 1.174e-01
2.641e+02 3.109e+02 4.684e+01 4.747e+01 1.531e+02 1.313e-01 2.612e-01 4.516e-04 1.308e-01 -2.088e-03 1.180e-01
2.640e+02 3.109e+02 4.699e+01 4.727e+01 1.525e+02 1.319e-01 2.624e-01 4.560e-04 1.314e-01 -2.089e-03 1.185e-01
2.639e+02 3.110e+02 4.714e+01 4.706e+01 1.518e+02 1.325e-01 2.637e-01 4.604e-04 1.321e-01 -2.089e-03 1.191e-01
2.638e+02 3.110e+02 4.729e+01 4.686e+01 1.512e+02 1.332e-01 2.649e-01 4.648e-04 1.327e-01 -2.089e-03 1.196e-01
2.637e+02 3.111e+02 4.744e+01 4.665e+01 1.505e+02 1.338e-01 2.662e-01 4.693e-04 1.333e-01 -2.088e-03 1.202e-01
2.636e+02 3.112e+02 4.759e+01 4.645e+01 1.498e+02 1.344e-01 2.674e-01 4.738e-04 1.339e-01 -2.087e-03 1.207e-01
2.635e+02 3.112e+02 4.774e+01 4.624e+01 1.492e+02 1.351e-01 2.687e-01 4.783e-04 1.346e-01 -2.085e-03 1.213e-01
2.634e+02 3.113e+02 4.789e+01 4.604e+01 1.485e+02 1.357e-01 2.699e-01 4.828e-04 1.352e-01 -2.083e-03 1.219e-01
2.633e+02 3.113e+02 4.804e+01 4.583e+01 1.478e+02 1.363e-01 2.712e-01 4.874e-04 1.358e-01 -2.081e-03 1.224e-01
2.632e+02 3.114e+02 4.819e+01 4.563e+01 1.472e+02 1.370e-01 2.724e-01 4.919e-04 1.365e-01 -2.077e-03 1.230e-01
2.631e+02 3.114e+02 4.834e+01 4.542e+01 1.465e+02 1.376e-01 2.737e-01 4.965e-04 1.371e-01 -2.074e-03 1.235e-01
2.630e+02 3.115e+02 4.849e+01 4.522e+01 1.459e+02 1.382e-01 2.749e-01 5.011e-04 1.377e-01 -2.070e-03 1.241e-01
2.629e+02 3.116e+02 4.864e+01 4.501e+01 1.452e+02 1.389e-01 2.762e-01 5.057e-04 1.383e-01 -2.065e-03 1.246e-01
2.628e+02 3.116e+02 4.879e+01 4.481e+01 1.445e+02 1.395e-01 2.774e-01 5.103e-04 1.390e-01 -2.060e-03 1.252e-01
2.627e+02 3.117e+02 4.893e+01 4.460e+01 1.439e+02 1.401e-01 2.787e-01 5.150e-04 1.396e-01 -2.054e-03 1.258e-01
2.627e+02 3.117e+02 4.908e+01 4.440e+01 1.432e+02 1.408e-01 2.800e-01 5.196e-04 1.402e-01 -2.048e-03 1.263e-01
2.626e+02 3.118e+02 4.923e+01 4.419e+01 1.426e+02 1.414e-01 2.812e-01 5.243e-04 1.409e-01 -2.041e-03 1.269e-01
2.625e+02 3.119e+02 4.938e+01 4.399e+01 1.419e+02 1.420e-01 2.825e-01 5.290e-04 1.415e-01 -2.033e-03 1.274e-01
2.624e+02 3.119e+02 4.952e+01 4.378e+01 1.412e+02 1.427e-01 2.837e-01 5.338e-04 1.421e-01 -2.025e-03 1.280e-01
2.623e+02 3.120e+02 4.967e+01 4.358e+01 1.406e+02 1.433e-01 2.850e-01 5.385e-04 1.428e-01 -2.016e-03 1.286e-01
2.623e+02 3.121e+02 4.981e+01 4.337e+01 1.399e+02 1.440e-01 2.863e-01 5.433e-04 1.434e-01 -2.007e-03 1.291e-01
2.622e+02 3.122e+02 4.996e+01 4.317e+01 1.392e+02 1.446e-01 2.875e-01 5.480e-04 1.440e-01 -1.997e-03 1.297e-01
2.621e+02 3.122e+02 5.010e+01 4.296e+01 1.386e+02 1.452e-01 2.888e-01 5.528e-04 1.447e-01 -1.987e-03 1.303e-01
2.621e+02 3.123e+02 5.025e+01 4.276e+01 1.379e+02 1.459e-01 2.901e-01 5.576e-04 1.453e-01 -1.975e-03 1.308e-01
2.620e+02 3.124e+02 5.039e+01 4.255e+01 1.373e+02 1.465e-01 2.913e-01 5.625e-04 1.460e-01 -1.964e-03 1.314e-01
2.619e+02 3.125e+02 5.054e+01 4.235e+01 1.366e+02 1.472e-01 2.926e-01 5.673e-04 1.466e-01 -1.951e-03 1.320e-01
2.618e+02 3.125e+02 5.068e+01 4.214e+01 1.359e+02 1.478e-01 2.939e-01 5.722e-04 1.472e-01 -1.938e-03 1.325e-01
2.618e+02 3.126e+02 5.083e+01 4.194e+01 1.353e+02 1.485e-01 2.952e-01 5.771e-04 1.479e-01 -1.924e-03 1.331e-01
2.617e+02 3.127e+02 5.097e+01 4.173e+01 1.346e+02 1.491e-01 2.964e-01 5.820e-04 1.485e-01 -1.909e-03 1.337e-01
2.617e+02 3.128e+02 5.111e+01 4.153e+01 1.340e+02 1.497e-01 2.977e-01 5.869e-04 1.492e-01 -1.894e-03 1.342e-01
2.616e+02 3.129e+02 5.126e+01 4.132e+01 1.333e+02 1.504e-01 2.990e-01 5.918e-04 1.498e-01 -1.878e-03 1.348e-01
2.615e+02 3.129e+02 5.140e+01 4.112e+01 1.326e+02 1.510e-01 3.003e-01 5.968e-04 1.504e-01 -1.861e-03 1.354e-01
2.615e+02 3.130e+02 5.154e+01 4.091e+01 1.320e+02 1.517e-01 3.016e-01 6.018e-04 1.511e-01 -1.843e-03 1.359e-01
2.614e+02 3.131e+02 5.168e+01 4.071e+01 1.313e+02 1.523e-01 3.029e-01 6.068e-04 1.517e-01 -1.825e-03 1.365e-01
2.614e+02 3.132e+02 5.183e+01 4.050e+01 1.307e+02 1.530e-01 3.042e-01 6.118e-04 1.524e-01 -1.806e-03 1.371e-01
2.613e+02 3.133e+02 5.197e+01 4.030e+01 1.300e+02 1.536e-01 3.054e-01 6.168e-04 1.530e-01 -1.786e-03 1.377e-01
2.613e+02 3.134e+02 5.211e+01 4.009e+01 1.293e+02 1.543e-01 3.067e-01 6.219e-04 1.537e-01 -1.765e-03 1.382e-01
2.612e+02 3.135e+02 5.225e+01 3.989e+01 1.287e+02 1.550e-01 3.080e-01 6.269e-04 1.543e-01 -1.743e-03 1.388e-01
2.612e+02 3.136e+02 5.239e+01 3.968e+01 1.280e+02 1.556e-01 3.093e-01 6.320e-04 1.550e-01 -1.721e-03 1.394e-01
2.611e+02 3.137e+02 5.253e+01 3.948e+01 1.273e+02 1.563e-01 3.106e-01 6.371e-04 1.556e-01 -1.697e-03 1.400e-01
2.611e+02 3.138e+02 5.267e+01 3.927e+01 1.267e+02 1.569e-01 3.119e-01 6.422e-04 1.563e-01 -1.673e-03 1.406e-01
2.611e+02 3.139e+02 5.281e+01 3.907e+01 1.260e+02 1.576e-01 3.133e-01 6.474e-04 1.569e-01 -1.648e-03 1.411e-01
2.610e+02 3.140e+02 5.295e+01 3.886e+01 1.254e+02 1.583e-01 3.146e-01 6.525e-04 1.576e-01 -1.622e-03 1.417e-01
2.610e+02 3.141e+02 5.309e+01 3.866e+01 1.247e+02 1.589e-01 3.159e-01 6.577e-04 1.583e-01 -1.595e-03 1.423e-01
2.610e+02 3.142e+02 5.323e+01 3.845e+01 1.240e+02 1.596e-01 3.172e-01 6.629e-04 1.589e-01 -1.567e-03 1.429e-01
2.609e+02 3.143e+02 5.337e+01 3.825e+01 1.234e+02 1.603e-01 3.185e-01 6.681e-04 1.596e-01 -1.538e-03 1.435e-01
2.609e+02 3.144e+02 5.351e+01 3.804e+01 1.227e+02 1.609e-01 3.198e-01 6.733e-04 1.603e-01 -1.508e-03 1.441e-01
2.609e+02 3.145e+02 5.365e+01 3.784e+01 1.221e+02 1.616e-01 3.212e-01 6.786e-04 1.609e-01 -1.477e-03 1.447e-01
2.608e+02 3.146e+02 5.379e+01 3.763e+01 1.214e+02 1.623e-01 3.225e-01 6.839e-04 1.616e-01 -1.445e-03 1.453e-01
2.608e+02 3.147e+02 5.392e+01 3.743e+01 1.207e+02 1.629e-01 3.238e-01 6.891e-04 1.623e-01 -1.412e-03 1.459e-01
2.608e+02 3.149e+02 5.406e+01 3.722e+01 1.201e+02 1.636e-01 3.252e-01 6.944e-04 1.629e-01 -1.378e-03 1.465e-01
2.608e+02 3.150e+02 5.420e+01 3.702e+01 1.194e+02 1.643e-01 3.265e-01 6.998e-04 1.636e-01 -1.343e-03 1.471e-01
2.608e+02 3.151e+02 5.434e+01 3.681e+01 1.187e+02 1.650e-01 3.278e-01 7.051e-04 1.643e-01 -1.307e-03 1.477e-01
2.607e+02 3.152e+02 5.447e+01 3.661e+01 1.181e+02 1.657e-01 3.292e-01 7.105e-04 1.649e-01 -1.270e-03 1.483e-01
2.607e+02 3.153e+02 5.461e+01 3.640e+01 1.174e+02 1.663e-01 3.305e-01 7.159e-04 1.656e-01 -1.231e-03 1.489e-01
2.607e+02 3.155e+02 5.475e+01 3.620e+01 1.168e+02 1.670e-01 3.319e-01 7.213e-04 1.663e-01 -1.191e-03 1.495e-01
2.607e+02 3.156e+02 5.489e+01 3.599e+01 1.161e+02 1.677e-01 3.332e-01 7.267e-04 1.670e-01 -1.151e-03 1.501e-01
2.607e+02 3.157e+02 5.502e+01 3.579e+01 1.154e+02 1.684e-01 3.346e-01 7.321e-04 1.677e-01 -1.109e-03 1.507e-01
2.607e+02 3.158e+02 5.516e+01 3.558e+01 1.148e+02 1.691e-01 3.360e-01 7.376e-04 1.684e-01 -1.065e-03 1.513e-01
2.607e+02 3.160e+02 5.529e+01 3.538e+01 1.141e+02 1.698e-01 3.373e-01 7.430e-04 1.690e-01 -1.021e-03 1.519e-01
2.607e+02 3.161e+02 5.543e+01 3.517e+01 1.135e+02 1.705e-01 3.387e-01 7.485e-04 1.697e-01 -9.750e-04 1.525e-01
2.607e+02 3.163e+02 5.557e+01 3.497e+01 1.128e+02 1.712e-01 3.401e-01 7.541e-04 1.704e-01 -9.279e-04 1.532e-01
2.607e+02 3.164e+02 5.570e+01 3.476e+01 1.121e+02 1.719e-01 3.415e-01 7.596e-04 1.711e-01 -8.795e-04 1.538e-01
2.607e+02 3.165e+02 5.584e+01 3.456e+01 1.115e+02 1.726e-01 3.429e-01 7.652e-04 1.718e-01 -8.297e-04 1.544e-01
2.607e+02 3.167e+02 5.597e+01 3.435e+01 1.108e+02 1.733e-01 3.443e-01 7.707e-04 1.725e-01 -7.785e-04 1.550e-01
2.607e+02 3.168e+02 5.611e+01 3.415e+01 1.101e+02 1.740e-01 3.457e-01 7.763e-04 1.732e-01 -7.260e-04 1.557e-01
2.607e+02 3.170e+02 5.624e+01 3.394e+01 1.095e+02 1.747e-01 3.471e-01 7.820e-04 1.739e-01 -6.719e-04 1.563e-01
2.607e+02 3.171e+02 5.638e+01 3.374e+01 1.088e+02 1.754e-01 3.485e-01 7.876e-04 1.746e-01 -6.164e-04 1.569e-01
2.608e+02 3.173e+02 5.651e+01 3.353e+01 1.082e+02 1.762e-01 3.499e-01 7.933e-04 1.754e-01 -5.594e-04 1.576e-01
2.608e+02 3.174e+02 5.665e+01 3.333e+01 1.075e+02 1.769e-01 3.514e-01 7.990e-04 1.761e-01 -5.009e-04 1.582e-01
2.608e+02 3.176e+02 5.678e+01 3.312e+01 1.068e+02 1.776e-01 3.528e-01 8.047e-04 1.768e-01 -4.408e-04 1.589e-01
2.608e+02 3.178e+02 5.692e+01 3.292e+01 1.062e+02 1.783e-01 3.542e-01 8.104e-04 1.775e-01 -3.792e-04 1.595e-01
2.609e+02 3.179e+02 5.705e+01 3.271e+01 1.055e+02 1.791e-01 3.557e-01 8.162e-04 1.782e-01 -3.159e-04 1.601e-01
2.609e+02 3.181e+02 5.719e+01 3.251e+01 1.049e+02 1.798e-01 3.571e-01 8.220e-04 1.790e-01 -2.509e-04 1.608e-01
2.609e+02 3.183e+02 5.732e+01 3.230e+01 1.042e+02 1.805e-01 3.586e-01 8.278e-04 1.797e-01 -1.842e-04 1.615e-01
2.610e+02 3.184e+02 5.746e+01 3.210e+01 1.035e+02 1.813e-01 3.601e-01 8.336e-04 1.804e-01 -1.159e-04 1.621e-01
2.610e+02 3.186e+02 5.759e+01 3.189e+01 1.029e+02 1.820e-01 3.615e-01 8.394e-04 1.812e-01 -4.570e-05 1.628e-01
2.611e+02 3.188e+02 5.772e+01 3.169e+01 1.022e+02 1.828e-01 3.630e-01 8.453e-04 1.819e-01 2.626e-05 1.635e-01
2.611e+02 3.190e+02 5.786e+01 3.148e+01 1.015e+02 1.835e-01 3.645e-01 8.512e-04 1.827e-01 1.001e-04 1.641e-01
2.611e+02 3.191e+02 5.799e+01 3.128e+01 1.009e+02 1.843e-01 3.660e-01 8.572e-04 1.834e-01 1.757e-04 1.648e-01
2.612e+02 3.193e+02 5.813e+01 3.107e+01 1.002e+02 1.850e-01 3.675e-01 8.631e-04 1.842e-01 2.533e-04 1.655e-01
2.613e+02 3.195e+02 5.826e+01 3.087e+01 9.956e+01 1.858e-01 3.690e-01 8.691e-04 1.849e-01 3.329e-04 1.662e-01
2.613e+02 3.197e+02 5.839e+01 3.066e+01 9.890e+01 1.866e-01 3.705e-01 8.751e-04 1.857e-01 4.145e-04 1.669e-01
2.614e+02 3.199e+02 5.853e+01 3.046e+01 9.824e+01 1.874e-01 3.721e-01 8.811e-04 1.865e-01 4.981e-04 1.676e-01
2.614e+02 3.201e+02 5.866e+01 3.025e+01 9.758e+01 1.881e-01 3.736e-01 8.872e-04 1.873e-01 5.838e-04 1.682e-01
2.615e+02 3.203e+02 5.880e+01 3.004e+01 9.692e+01 1.889e-01 3.752e-01 8.933e-04 1.880e-01 6.717e-04 1.690e-01
2.616e+02 3.205e+02 5.893e+01 2.984e+01 9.626e+01 1.897e-01 3.767e-01 8.994e-04 1.888e-01 7.618e-04 1.697e-01
2.616e+02 3.207e+02 5.906e+01 2.963e+01 9.560e+01 1.905e-01 3.783e-01 9.056e-04 1.896e-01 8.541e-04 1.704e-01
2.617e+02 3.209e+02 5.920e+01 2.943e+01 9.494e+01 1.913e-01 3.799e-01 9.118e-04 1.904e-01 9.487e-04 1.711e-01
2.618e+02 3.211e+02 5.933e+01 2.922e+01 9.427e+01 1.921e-01 3.815e-01 9.180e-04 1.912e-01 1.046e-03 1.718e-01
2.619e+02 3.213e+02 5.947e+01 2.902e+01 9.361e+01 1.929e-01 3.831e-01 9.242e-04 1.920e-01 1.145e-03 1.725e-01
2.620e+02 3.216e+02 5.960e+01 2.881e+01 9.295e+01 1.937e-01 3.847e-01 9.305e-04 1.928e-01 1.247e-03 1.733e-01
2.621e+02 3.218e+02 5.973e+01 2.861e+01 9.229e+01 1.946e-01 3.863e-01 9.368e-04 1.936e-01 1.351e-03 1.740e-01
2.622e+02 3.220e+02 5.987e+01 2.840e+01 9.163e+01 1.954e-01 3.880e-01 9.432e-04 1.945e-01 1.458e-03 1.748e-01
2.623e+02 3.223e+02 6.000e+01 2.820e+01 9.097e+01 1.962e-01 3.896e-01 9.496e-04 1.953e-01 1.567e-03 1.755e-01
2.624e+02 3.225e+02 6.014e+01 2.799e+01 9.031e+01 1.971e-01 3.913e-01 9.560e-04 1.961e-01 1.680e-03 1.763e-01
2.625e+02 3.227e+02 6.027e+01 2.779e+01 8.964e+01 1.979e-01 3.930e-01 9.624e-04 1.970e-01 1.795e-03 1.770e-01
2.626e+02 3.230e+02 6.041e+01 2.758e+01 8.898e+01 1.988e-01 3.947e-01 9.689e-04 1.978e-01 1.912e-03 1.778e-01
2.627e+02 3.232e+02 6.054e+01 2.738e+01 8.832e+01 1.996e-01 3.964e-01 9.755e-04 1.987e-01 2.033e-03 1.786e-01
2.628e+02 3.235e+02 6.068e+01 2.717e+01 8.766e+01 2.005e-01 3.981e-01 9.820e-04 1.995e-01 2.157e-03 1.794e-01
2.629e+02 3.237e+02 6.082e+01 2.697e+01 8.700e+01 2.014e-01 3.998e-01 9.886e-04 2.004e-01 2.284e-03 1.802e-01
2.630e+02 3.240e+02 6.095e+01 2.676e+01 8.634e+01 2.023e-01 4.016e-01 9.953e-04 2.013e-01 2.413e-03 1.810e-01
2.632e+02 3.243e+02 6.109e+01 2.656e+01 8.568e+01 2.032e-01 4.033e-01 1.002e-03 2.022e-01 2.546e-03 1.818e-01
2.633e+02 3.245e+02 6.123e+01 2.635e+01 8.501e+01 2.041e-01 4.051e-01 1.009e-03 2.031e-01 2.683e-03 1.826e-01
2.634e+02 3.248e+02 6.136e+01 2.615e+01 8.435e+01 2.050e-01 4.069e-01 1.016e-03 2.040e-01 2.822e-03 1.834e-01
2.636e+02 3.251e+02 6.150e+01 2.594e+01 8.369e+01 2.059e-01 4.087e-01 1.022e-03 2.049e-01 2.966e-03 1.842e-01
2.637e+02 3.254e+02 6.164e+01 2.574e+01 8.303e+01 2.068e-01 4.106e-01 1.029e-03 2.058e-01 3.112e-03 1.851e-01
2.639e+02 3.257e+02 6.178e+01 2.553e+01 8.237e+01 2.078e-01 4.124e-01 1.036e-03 2.067e-01 3.263e-03 1.859e-01
2.640e+02 3.259e+02 6.191e+01 2.533e+01 8.171e+01 2.087e-01 4.143e-01 1.043e-03 2.077e-01 3.417e-03 1.868e-01
2.642e+02 3.262e+02 6.205e+01 2.512e+01 8.105e+01 2.097e-01 4.162e-01 1.050e-03 2.086e-01 3.575e-03 1.877e-01
2.644e+02 3.266e+02 6.219e+01 2.492e+01 8.038e+01 2.106e-01 4.181e-01 1.057e-03 2.096e-01 3.736e-03 1.885e-01
2.645e+02 3.269e+02 6.233e+01 2.471e+01 7.972e+01 2.116e-01 4.200e-01 1.064e-03 2.105e-01 3.902e-03 1.894e-01
2.647e+02 3.272e+02 6.247e+01 2.451e+01 7.906e+01 2.126e-01 4.220e-01 1.072e-03 2.115e-01 4.072e-03 1.903e-01
2.649e+02 3.275e+02 6.261e+01 2.430e+01 7.840e+01 2.136e-01 4.240e-01 1.079e-03 2.125e-01 4.247e-03 1.912e-01
2.651e+02 3.278e+02 6.275e+01 2.410e+01 7.774e+01 2.146e-01 4.260e-01 1.086e-03 2.135e-01 4.425e-03 1.922e-01
2.653e+02 3.282e+02 6.289e+01 2.389e+01 7.708e+01 2.156e-01 4.280e-01 1.094e-03 2.145e-01 4.608e-03 1.931e-01
2.655e+02 3.285e+02 6.304e+01 2.369e+01 7.642e+01 2.167e-01 4.300e-01 1.101e-03 2.156e-01 4.796e-03 1.940e-01
2.657e+02 3.288e+02 6.318e+01 2.348e+01 7.575e+01 2.177e-01 4.321e-01 1.108e-03 2.166e-01 4.989e-03 1.950e-01
2.659e+02 3.292e+02 6.332e+01 2.328e+01 7.509e+01 2.188e-01 4.342e-01 1.116e-03 2.177e-01 5.187e-03 1.960e-01
2.661e+02 3.295e+02 6.347e+01 2.307e+01 7.443e+01 2.198e-01 4.363e-01 1.124e-03 2.187e-01 5.389e-03 1.970e-01
2.663e+02 3.299e+02 6.361e+01 2.287e+01 7.377e+01 2.209e-01 4.385e-01 1.131e-03 2.198e-01 5.597e-03 1.980e-01
2.665e+02 3.303e+02 6.376e+01 2.266e+01 7.311e+01 2.220e-01 4.406e-01 1.139e-03 2.209e-01 5.810e-03 1.990e-01
2.668e+02 3.307e+02 6.390e+01 2.246e+01 7.245e+01 2.231e-01 4.428e-01 1.147e-03 2.220e-01 6.029e-03 2.000e-01
2.670e+02 3.310e+02 6.405e+01 2.225e+01 7.179e+01 2.243e-01 4.451e-01 1.155e-03 2.231e-01 6.253e-03 2.010e-01
2.672e+02 3.314e+02 6.420e+01 2.205e+01 7.112e+01 2.254e-01 4.473e-01 1.163e-03 2.243e-01 6.484e-03 2.021e-01
2.675e+02 3.318e+02 6.435e+01 2.184e+01 7.046e+01 2.266e-01 4.497e-01 1.171e-03 2.254e-01 6.720e-03 2.032e-01
2.678e+02 3.322e+02 6.450e+01 2.164e+01 6.980e+01 2.278e-01 4.520e-01 1.179e-03 2.266e-01 6.963e-03 2.043e-01
2.680e+02 3.327e+02 6.465e+01 2.143e+01 6.914e+01 2.290e-01 4.544e-01 1.188e-03 2.278e-01 7.212e-03 2.054e-01
2.683e+02 3.331e+02 6.480e+01 2.123e+01 6.848e+01 2.302e-01 4.568e-01 1.196e-03 2.290e-01 7.468e-03 2.065e-01
2.686e+02 3.335e+02 6.495e+01 2.102e+01 6.782e+01 2.314e-01 4.592e-01 1.204e-03 2.302e-01 7.730e-03 2.076e-01
2.689e+02 3.340e+02 6.511e+01 2.082e+01 6.716e+01 2.327e-01 4.617e-01 1.213e-03 2.314e-01 8.000e-03 2.088e-01
2.691e+02 3.344e+02 6.526e+01 2.061e+01 6.649e+01 2.339e-01 4.642e-01 1.222e-03 2.327e-01 8.277e-03 2.100e-01
2.695e+02 3.349e+02 6.542e+01 2.041e+01 6.583e+01 2.352e-01 4.668e-01 1.231e-03 2.340e-01 8.562e-03 2.112e-01
2.698e+02 3.353e+02 6.558e+01 2.020e+01 6.517e+01 2.365e-01 4.694e-01 1.239e-03 2.353e-01 8.854e-03 2.124e-01
2.701e+02 3.358e+02 6.574e+01 2.000e+01 6.451e+01 2.379e-01 4.720e-01 1.248e-03 2.366e-01 9.155e-03 2.137e-01
2.704e+02 3.363e+02 6.590e+01 1.979e+01 6.385e+01 2.392e-01 4.747e-01 1.258e-03 2.380e-01 9.464e-03 2.150e-01
2.707e+02 3.368e+02 6.606e+01 1.959e+01 6.319e+01 2.406e-01 4.774e-01 1.267e-03 2.394e-01 9.782e-03 2.162e-01
2.711e+02 3.373e+02 6.622e+01 1.938e+01 6.253e+01 2.420e-01 4.802e-01 1.276e-03 2.408e-01 1.011e-02 2.176e-01
2.714e+02 3.378e+02 6.638e+01 1.918e+01 6.186e+01 2.435e-01 4.831e-01 1.286e-03 2.422e-01 1.044e-02 2.189e-01
2.718e+02 3.384e+02 6.655e+01 1.897e+01 6.120e+01 2.449e-01 4.860e-01 1.295e-03 2.436e-01 1.079e-02 2.203e-01
2.722e+02 3.389e+02 6.672e+01 1.877e+01 6.054e+01 2.464e-01 4.889e-01 1.305e-03 2.451e-01 1.115e-02 2.217e-01
2.726e+02 3.395e+02 6.689e+01 1.856e+01 5.988e+01 2.479e-01 4.919e-01 1.315e-03 2.466e-01 1.151e-02 2.231e-01
2.730e+02 3.400e+02 6.706e+01 1.836e+01 5.922e+01 2.495e-01 4.950e-01 1.325e-03 2.481e-01 1.189e-02 2.246e-01
2.734e+02 3.406e+02 6.723e+01 1.815e+01 5.856e+01 2.510e-01 4.981e-01 1.336e-03 2.497e-01 1.228e-02 2.261e-01
2.738e+02 3.412e+02 6.741e+01 1.795e+01 5.790e+01 2.527e-01 5.013e-01 1.346e-03 2.513e-01 1.268e-02 2.276e-01
2.742e+02 3.418e+02 6.758e+01 1.774e+01 5.724e+01 2.543e-01 5.045e-01 1.357e-03 2.529e-01 1.309e-02 2.292e-01
2.746e+02 3.424e+02 6.776e+01 1.754e+01 5.657e+01 2.560e-01 5.078e-01 1.368e-03 2.546e-01 1.351e-02 2.308e-01
2.751e+02 3.430e+02 6.794e+01 1.733e+01 5.591e+01 2.577e-01 5.112e-01 1.379e-03 2.563e-01 1.395e-02 2.324e-01
2.756e+02 3.437e+02 6.813e+01 1.713e+01 5.525e+01 2.594e-01 5.147e-01 1.390e-03 2.580e-01 1.440e-02 2.341e-01
2.760e+02 3.443e+02 6.831e+01 1.692e+01 5.459e+01 2.612e-01 5.182e-01 1.401e-03 2.598e-01 1.487e-02 2.358e-01
2.765e+02 3.450e+02 6.850e+01 1.672e+01 5.393e+01 2.631e-01 5.219e-01 1.413e-03 2.616e-01 1.535e-02 2.375e-01
2.770e+02 3.457e+02 6.869e+01 1.651e+01 5.327e+01 2.649e-01 5.256e-01 1.425e-03 2.635e-01 1.584e-02 2.393e-01
2.775e+02 3.464e+02 6.889e+01 1.631e+01 5.261e+01 2.668e-01 5.294e-01 1.437e-03 2.654e-01 1.636e-02 2.412e-01
2.781e+02 3.472e+02 6.909e+01 1.610e+01 5.194e+01 2.688e-01 5.333e-01 1.449e-03 2.674e-01 1.688e-02 2.431e-01
2.786e+02 3.479e+02 6.929e+01 1.590e+01 5.128e+01 2.708e-01 5.372e-01 1.462e-03 2.694e-01 1.743e-02 2.450e-01
2.792e+02 3.487e+02 6.949e+01 1.569e+01 5.062e+01 2.729e-01 5.413e-01 1.475e-03 2.714e-01 1.799e-02 2.470e-01
2.797e+02 3.494e+02 6.969e+01 1.549e+01 4.996e+01 2.750e-01 5.455e-01 1.488e-03 2.735e-01 1.858e-02 2.491e-01
2.803e+02 3.502e+02 6.990e+01 1.528e+01 4.930e+01 2.772e-01 5.498e-01 1.501e-03 2.757e-01 1.918e-02 2.512e-01
2.809e+02 3.511e+02 7.012e+01 1.508e+01 4.864e+01 2.794e-01 5.542e-01 1.515e-03 2.779e-01 1.980e-02 2.534e-01
2.816e+02 3.519e+02 7.033e+01 1.487e+01 4.798e+01 2.817e-01 5.587e-01 1.529e-03 2.801e-01 2.045e-02 2.556e-01
2.822e+02 3.528e+02 7.055e+01 1.467e+01 4.731e+01 2.840e-01 5.634e-01 1.544e-03 2.825e-01 2.112e-02 2.579e-01
2.829e+02 3.537e+02 7.078e+01 1.446e+01 4.665e+01 2.864e-01 5.682e-01 1.558e-03 2.849e-01 2.181e-02 2.603e-01
2.836e+02 3.546e+02 7.101e+01 1.426e+01 4.599e+01 2.889e-01 5.731e-01 1.574e-03 2.873e-01 2.253e-02 2.627e-01
2.843e+02 3.555e+02 7.124e+01 1.405e+01 4.533e+01 2.915e-01 5.782e-01 1.589e-03 2.899e-01 2.328e-02 2.652e-01
2.850e+02 3.565e+02 7.148e+01 1.385e+01 4.467e+01 2.941e-01 5.834e-01 1.605e-03 2.925e-01 2.405e-02 2.678e-01
2.858e+02 3.575e+02 7.172e+01 1.364e+01 4.401e+01 2.968e-01 5.887e-01 1.622e-03 2.952e-01 2.485e-02 2.705e-01
2.865e+02 3.585e+02 7.197e+01 1.344e+01 4.335e+01 2.996e-01 5.943e-01 1.638e-03 2.980e-01 2.569e-02 2.733e-01
2.873e+02 3.595e+02 7.222e+01 1.323e+01 4.268e+01 3.025e-01 6.000e-01 1.656e-03 3.008e-01 2.655e-02 2.762e-01
2.881e+02 3.606e+02 7.248e+01 1.303e+01 4.202e+01 3.055e-01 6.059e-01 1.674e-03 3.038e-01 2.745e-02 2.792e-01
2.890e+02 3.617e+02 7.275e+01 1.282e+01 4.136e+01 3.085e-01 6.120e-01 1.692e-03 3.068e-01 2.839e-02 2.823e-01
2.899e+02 3.629e+02 7.302e+01 1.262e+01 4.070e+01 3.117e-01 6.183e-01 1.711e-03 3.100e-01 2.937e-02 2.855e-01
2.908e+02 3.641e+02 7.329e+01 1.241e+01 4.004e+01 3.150e-01 6.248e-01 1.731e-03 3.132e-01 3.038e-02 2.888e-01
2.917e+02 3.653e+02 7.358e+01 1.221e+01 3.938e+01 3.184e-01 6.315e-01 1.751e-03 3.166e-01 3.144e-02 2.922e-01
2.927e+02 3.665e+02 7.387e+01 1.200e+01 3.872e+01 3.219e-01 6.385e-01 1.772e-03 3.201e-01 3.255e-02 2.958e-01
2.937e+02 3.678e+02 7.417e+01 1.180e+01 3.805e+01 3.255e-01 6.457e-01 1.793e-03 3.237e-01 3.370e-02 2.995e-01
2.947e+02 3.692e+02 7.447e+01 1.159e+01 3.739e+01 3.293e-01 6.532e-01 1.815e-03 3.275e-01 3.490e-02 3.034e-01
2.957e+02 3.705e+02 7.479e+01 1.139e+01 3.673e+01 3.333e-01 6.610e-01 1.839e-03 3.314e-01 3.616e-02 3.074e-01
2.968e+02 3.720e+02 7.511e+01 1.118e+01 3.607e+01 3.373e-01 6.691e-01 1.863e-03 3.355e-01 3.748e-02 3.117e-01
2.980e+02 3.734e+02 7.544e+01 1.098e+01 3.541e+01 3.416e-01 6.775e-01 1.887e-03 3.397e-01 3.886e-02 3.161e-01
2.992e+02 3.750e+02 7.579e+01 1.077e+01 3.475e+01 3.460e-01 6.862e-01 1.913e-03 3.441e-01 4.031e-02 3.207e-01
3.004e+02 3.765e+02 7.614e+01 1.057e+01 3.409e+01 3.506e-01 6.953e-01 1.940e-03 3.486e-01 4.183e-02 3.255e-01
3.017e+02 3.782e+02 7.650e+01 1.036e+01 3.342e+01 3.554e-01 7.048e-01 1.968e-03 3.534e-01 4.342e-02 3.305e-01
3.030e+02 3.799e+02 7.688e+01 1.016e+01 3.276e+01 3.604e-01 7.148e-01 1.997e-03 3.584e-01 4.509e-02 3.358e-01
3.044e+02 3.816e+02 7.726e+01 9.952e+00 3.210e+01 3.656e-01 7.251e-01 2.027e-03 3.636e-01 4.686e-02 3.413e-01
3.058e+02 3.834e+02 7.766e+01 9.747e+00 3.144e+01 3.711e-01 7.359e-01 2.059e-03 3.690e-01 4.871e-02 3.471e-01
3.073e+02 3.853e+02 7.807e+01 9.541e+00 3.078e+01 3.768e-01 7.473e-01 2.092e-03 3.747e-01 5.067e-02 3.532e-01
3.088e+02 3.873e+02 7.850e+01 9.336e+00 3.012e+01 3.828e-01 7.592e-01 2.126e-03 3.806e-01 5.274e-02 3.596e-01
3.104e+02 3.893e+02 7.895e+01 9.131e+00 2.946e+01 3.891e-01 7.716e-01 2.163e-03 3.869e-01 5.492e-02 3.664e-01
3.121e+02 3.915e+02 7.940e+01 8.926e+00 2.879e+01 3.957e-01 7.847e-01 2.201e-03 3.935e-01 5.723e-02 3.736e-01
3.138e+02 3.937e+02 7.988e+01 8.721e+00 2.813e+01 4.026e-01 7.985e-01 2.240e-03 4.004e-01 5.968e-02 3.812e-01
3.156e+02 3.960e+02 8.038e+01 8.516e+00 2.747e+01 4.099e-01 8.130e-01 2.282e-03 4.076e-01 6.228e-02 3.892e-01
3.175e+02 3.984e+02 8.089e+01 8.311e+00 2.681e+01 4.176e-01 8.283e-01 2.326e-03 4.153e-01 6.505e-02 3.977e-01
3.195e+02 4.009e+02 8.143e+01 8.106e+00 2.615e+01 4.258e-01 8.444e-01 2.373e-03 4.234e-01 6.799e-02 4.068e-01
3.216e+02 4.036e+02 8.199e+01 7.901e+00 2.549e+01 4.344e-01 8.615e-01 2.422e-03 4.320e-01 7.113e-02 4.164e-01
3.238e+02 4.063e+02 8.257e+01 7.696e+00 2.483e+01 4.435e-01 8.796e-01 2.474e-03 4.411e-01 7.449e-02 4.267e-01
3.260e+02 4.092e+02 8.318e+01 7.491e+00 2.416e+01 4.532e-01 8.989e-01 2.530e-03 4.507e-01 7.808e-02 4.377e-01
3.284e+02 4.122e+02 8.382e+01 7.286e+00 2.350e+01 4.635e-01 9.193e-01 2.588e-03 4.610e-01 8.193e-02 4.495e-01
3.309e+02 4.154e+02 8.449e+01 7.081e+00 2.284e+01 4.745e-01 9.411e-01 2.651e-03 4.719e-01 8.607e-02 4.621e-01
3.336e+02 4.188e+02 8.519e+01 6.876e+00 2.218e+01 4.862e-01 9.643e-01 2.717e-03 4.835e-01 9.053e-02 4.757e-01
3.364e+02 4.223e+02 8.592e+01 6.671e+00 2.152e+01 4.988e-01 9.892e-01 2.788e-03 4.960e-01 9.535e-02 4.904e-01
3.393e+02 4.260e+02 8.670e+01 6.466e+00 2.086e+01 5.122e-01 1.016e+00 2.864e-03 5.094e-01 1.006e-01 5.062e-01
3.424e+02 4.299e+02 8.752e+01 6.261e+00 2.020e+01 5.267e-01 1.044e+00 2.946e-03 5.237e-01 1.062e-01 5.234e-01
3.457e+02 4.341e+02 8.838e+01 6.056e+00 1.954e+01 5.422e-01 1.075e+00 3.034e-03 5.392e-01 1.124e-01 5.421e-01
3.492e+02 4.385e+02 8.929e+01 5.851e+00 1.887e+01 5.590e-01 1.109e+00 3.129e-03 5.559e-01 1.191e-01 5.625e-01
3.529e+02 4.432e+02 9.026e+01 5.646e+00 1.821e+01 5.772e-01 1.145e+00 3.232e-03 5.740e-01 1.265e-01 5.848e-01
3.568e+02 4.481e+02 9.129e+01 5.441e+00 1.755e+01 5.970e-01 1.184e+00 3.344e-03 5.937e-01 1.346e-01 6.094e-01
3.610e+02 4.534e+02 9.238e+01 5.236e+00 1.689e+01 6.186e-01 1.227e+00 3.466e-03 6.151e-01 1.435e-01 6.364e-01
3.655e+02 4.591e+02 9.355e+01 5.031e+00 1.623e+01 6.422e-01 1.274e+00 3.599e-03 6.386e-01 1.535e-01 6.664e-01
3.704e+02 4.652e+02 9.480e+01 4.826e+00 1.557e+01 6.682e-01 1.325e+00 3.745e-03 6.644e-01 1.645e-01 6.997e-01
3.755e+02 4.717e+02 9.615e+01 4.621e+00 1.491e+01 6.968e-01 1.382e+00 3.907e-03 6.929e-01 1.769e-01 7.370e-01
3.811e+02 4.787e+02 9.759e+01 4.416e+00 1.424e+01 7.285e-01 1.445e+00 4.085e-03 7.245e-01 1.908e-01 7.789e-01
3.872e+02 4.863e+02 9.915e+01 4.211e+00 1.358e+01 7.639e-01 1.515e+00 4.284e-03 7.596e-01 2.066e-01 8.264e-01
3.937e+02 4.946e+02 1.008e+02 4.006e+00 1.292e+01 8.035e-01 1.593e+00 4.507e-03 7.990e-01 2.245e-01 8.804e-01
4.008e+02 5.035e+02 1.027e+02 3.800e+00 1.226e+01 8.481e-01 1.682e+00 4.759e-03 8.434e-01 2.451e-01 9.423e-01
4.087e+02 5.133e+02 1.047e+02 3.595e+00 1.160e+01 8.988e-01 1.782e+00 5.044e-03 8.938e-01 2.689e-01 1.014e+00
4.172e+02 5.241e+02 1.069e+02 3.390e+00 1.094e+01 9.568e-01 1.897e+00 5.370e-03 9.514e-01 2.967e-01 1.098e+00
4.267e+02 5.360e+02 1.093e+02 3.185e+00 1.028e+01 1.024e+00 2.030e+00 5.745e-03 1.018e+00 3.295e-01 1.196e+00
4.372e+02 5.493e+02 1.120e+02 2.980e+00 9.614e+00 1.101e+00 2.184e+00 6.183e-03 1.095e+00 3.686e-01 1.313e+00
4.490e+02 5.641e+02 1.151e+02 2.775e+00 8.953e+00 1.193e+00 2.366e+00 6.698e-03 1.186e+00 4.158e-01 1.455e+00
4.623e+02 5.808e+02 1.185e+02 2.570e+00 8.291e+00 1.302e+00 2.583e+00 7.312e-03 1.295e+00 4.737e-01 1.629e+00
4.774e+02 5.998e+02 1.224e+02 2.365e+00 7.630e+00 1.434e+00 2.845e+00 8.055e-03 1.426e+00 5.460e-01 1.846e+00
4.948e+02 6.217e+02 1.268e+02 2.160e+00 6.968e+00 1.597e+00 3.167e+00 8.969e-03 1.588e+00 6.380e-01 2.123e+00
5.151e+02 6.471e+02 1.320e+02 1.955e+00 6.307e+00 1.802e+00 3.573e+00 1.012e-02 1.792e+00 7.582e-01 2.483e+00
5.390e+02 6.772e+02 1.382e+02 1.750e+00 5.646e+00 2.065e+00 4.095e+00 1.160e-02 2.054e+00 9.199e-01 2.968e+00
5.679e+02 7.135e+02 1.456e+02 1.545e+00 4.984e+00 2.415e+00 4.790e+00 1.356e-02 2.402e+00 1.146e+00 3.646e+00
6.036e+02 7.583e+02 1.547e+02 1.340e+00 4.323e+00 2.899e+00 5.749e+00 1.628e-02 2.883e+00 1.476e+00 4.636e+00
6.489e+02 8.153e+02 1.664e+02 1.135e+00 3.661e+00 3.604e+00 7.146e+00 2.024e-02 3.583e+00 1.990e+00 6.179e+00
7.092e+02 8.911e+02 1.818e+02 9.300e-01 3.000e+00 4.704e+00 9.330e+00 2.642e-02 4.678e+00 2.861e+00 8.793e+00
