# pipeline=quark_stars
# construction=with_maxwell
# m_sigma_mev=500.000000
# units=chemical potentials and sigma in MeV; densities in fm^-3; pressure and energy density in GeV fm^-3
# B0_mev4=4.033789244638e+08
# B0_gev_fm3=5.249933385925e-02
# B_mev4=8.023843572605e+07
# B_gev_fm3=1.044294624744e-02
# B_1_4_mev=94.644551
# B_min_mev4=5.133292528459e+07
# B_min_gev_fm3=6.680925103039e-03
# B_min_1_4_mev=84.644551
# columns=mu_u_mev mu_d_mev mu_e_mev sigma_mev constituent_mass_mev n_u_fm-3 n_d_fm-3 n_e_fm-3 n_B_fm-3 pressure_gev_fm-3 energy_density_gev_fm-3
3.011e+02 3.020e+02 9.254e-01 9.284e+01 2.995e+02 3.862e-04 7.723e-04 2.019e-09 3.862e-04 -1.044e-02 1.079e-02
3.014e+02 3.029e+02 1.441e+00 9.268e+01 2.990e+02 7.525e-04 1.505e-03 1.074e-08 7.525e-04 -1.044e-02 1.112e-02
3.017e+02 3.036e+02 1.876e+00 9.253e+01 2.985e+02 1.121e-03 2.241e-03 2.583e-08 1.120e-03 -1.044e-02 1.146e-02
3.019e+02 3.041e+02 2.265e+00 9.238e+01 2.980e+02 1.490e-03 2.980e-03 4.724e-08 1.490e-03 -1.044e-02 1.179e-02
3.020e+02 3.046e+02 2.624e+00 9.222e+01 2.975e+02 1.861e-03 3.722e-03 7.498e-08 1.861e-03 -1.044e-02 1.213e-02
3.021e+02 3.051e+02 2.961e+00 9.207e+01 2.970e+02 2.233e-03 4.467e-03 1.091e-07 2.233e-03 -1.043e-02 1.247e-02
3.022e+02 3.054e+02 3.280e+00 9.191e+01 2.965e+02 2.607e-03 5.214e-03 1.495e-07 2.607e-03 -1.043e-02 1.281e-02
3.022e+02 3.058e+02 3.585e+00 9.176e+01 2.960e+02 2.982e-03 5.964e-03 1.965e-07 2.982e-03 -1.043e-02 1.315e-02
3.022e+02 3.061e+02 3.879e+00 9.161e+01 2.955e+02 3.358e-03 6.716e-03 2.498e-07 3.358e-03 -1.043e-02 1.350e-02
3.022e+02 3.064e+02 4.162e+00 9.145e+01 2.950e+02 3.736e-03 7.470e-03 3.097e-07 3.735e-03 -1.043e-02 1.384e-02
3.022e+02 3.067e+02 4.437e+00 9.130e+01 2.945e+02 4.114e-03 8.227e-03 3.762e-07 4.114e-03 -1.042e-02 1.419e-02
3.000e+02 3.098e+02 9.774e+00 8.761e+01 2.826e+02 1.350e-02 2.698e-02 4.087e-06 1.349e-02 -1.040e-02 2.281e-02
2.999e+02 3.099e+02 9.968e+00 8.746e+01 2.821e+02 1.390e-02 2.778e-02 4.336e-06 1.389e-02 -1.040e-02 2.317e-02
2.998e+02 3.099e+02 1.016e+01 8.730e+01 2.816e+02 1.430e-02 2.859e-02 4.593e-06 1.430e-02 -1.040e-02 2.354e-02
2.996e+02 3.100e+02 1.035e+01 8.715e+01 2.811e+02 1.471e-02 2.940e-02 4.859e-06 1.470e-02 -1.040e-02 2.392e-02
2.995e+02 3.101e+02 1.054e+01 8.700e+01 2.806e+02 1.511e-02 3.020e-02 5.132e-06 1.510e-02 -1.040e-02 2.429e-02
2.994e+02 3.101e+02 1.073e+01 8.684e+01 2.801e+02 1.551e-02 3.101e-02 5.413e-06 1.551e-02 -1.040e-02 2.466e-02
2.992e+02 3.101e+02 1.092e+01 8.669e+01 2.796e+02 1.592e-02 3.182e-02 5.703e-06 1.592e-02 -1.040e-02 2.503e-02
2.991e+02 3.102e+02 1.111e+01 8.654e+01 2.791e+02 1.633e-02 3.264e-02 6.001e-06 1.632e-02 -1.040e-02 2.541e-02
2.989e+02 3.102e+02 1.129e+01 8.638e+01 2.787e+02 1.674e-02 3.345e-02 6.308e-06 1.673e-02 -1.040e-02 2.578e-02
2.988e+02 3.103e+02 1.148e+01 8.623e+01 2.782e+02 1.714e-02 3.427e-02 6.623e-06 1.714e-02 -1.040e-02 2.616e-02
2.987e+02 3.103e+02 1.166e+01 8.607e+01 2.777e+02 1.755e-02 3.508e-02 6.947e-06 1.755e-02 -1.040e-02 2.653e-02
2.985e+02 3.104e+02 1.184e+01 8.592e+01 2.772e+02 1.796e-02 3.590e-02 7.279e-06 1.795e-02 -1.040e-02 2.691e-02
2.984e+02 3.104e+02 1.202e+01 8.577e+01 2.767e+02 1.837e-02 3.672e-02 7.620e-06 1.836e-02 -1.041e-02 2.729e-02
2.982e+02 3.104e+02 1.220e+01 8.561e+01 2.762e+02 1.878e-02 3.754e-02 7.969e-06 1.878e-02 -1.041e-02 2.766e-02
2.981e+02 3.104e+02 1.238e+01 8.546e+01 2.757e+02 1.920e-02 3.837e-02 8.327e-06 1.919e-02 -1.041e-02 2.804e-02
2.979e+02 3.105e+02 1.256e+01 8.531e+01 2.752e+02 1.961e-02 3.919e-02 8.694e-06 1.960e-02 -1.041e-02 2.842e-02
2.978e+02 3.105e+02 1.274e+01 8.515e+01 2.747e+02 2.002e-02 4.002e-02 9.070e-06 2.001e-02 -1.041e-02 2.880e-02
2.976e+02 3.105e+02 1.292e+01 8.500e+01 2.742e+02 2.044e-02 4.084e-02 9.455e-06 2.043e-02 -1.041e-02 2.918e-02
2.975e+02 3.106e+02 1.310e+01 8.485e+01 2.737e+02 2.085e-02 4.167e-02 9.849e-06 2.084e-02 -1.042e-02 2.956e-02
2.973e+02 3.106e+02 1.327e+01 8.469e+01 2.732e+02 2.127e-02 4.250e-02 1.025e-05 2.126e-02 -1.042e-02 2.994e-02
2.971e+02 3.106e+02 1.345e+01 8.454e+01 2.727e+02 2.168e-02 4.333e-02 1.066e-05 2.167e-02 -1.042e-02 3.032e-02
2.970e+02 3.106e+02 1.362e+01 8.438e+01 2.722e+02 2.210e-02 4.416e-02 1.108e-05 2.209e-02 -1.042e-02 3.070e-02
2.968e+02 3.106e+02 1.379e+01 8.423e+01 2.717e+02 2.252e-02 4.500e-02 1.151e-05 2.250e-02 -1.043e-02 3.109e-02
2.967e+02 3.106e+02 1.397e+01 8.408e+01 2.712e+02 2.293e-02 4.583e-02 1.195e-05 2.292e-02 -1.043e-02 3.147e-02
2.965e+02 3.107e+02 1.414e+01 8.392e+01 2.707e+02 2.335e-02 4.667e-02 1.240e-05 2.334e-02 -1.043e-02 3.185e-02
2.964e+02 3.107e+02 1.431e+01 8.377e+01 2.702e+02 2.377e-02 4.750e-02 1.286e-05 2.376e-02 -1.044e-02 3.224e-02
2.962e+02 3.107e+02 1.448e+01 8.362e+01 2.697e+02 2.419e-02 4.834e-02 1.333e-05 2.418e-02 -1.044e-02 3.262e-02
2.960e+02 3.107e+02 1.465e+01 8.346e+01 2.692e+02 2.461e-02 4.918e-02 1.380e-05 2.460e-02 -1.044e-02 3.301e-02
2.959e+02 3.107e+02 1.482e+01 8.331e+01 2.687e+02 2.503e-02 5.002e-02 1.429e-05 2.502e-02 -1.045e-02 3.340e-02
2.957e+02 3.107e+02 1.499e+01 8.315e+01 2.682e+02 2.545e-02 5.086e-02 1.479e-05 2.544e-02 -1.045e-02 3.378e-02
2.956e+02 3.107e+02 1.516e+01 8.300e+01 2.677e+02 2.588e-02 5.171e-02 1.529e-05 2.586e-02 -1.045e-02 3.417e-02
2.954e+02 3.107e+02 1.533e+01 8.285e+01 2.672e+02 2.630e-02 5.255e-02 1.581e-05 2.628e-02 -1.046e-02 3.456e-02
2.952e+02 3.107e+02 1.550e+01 8.269e+01 2.668e+02 2.672e-02 5.340e-02 1.633e-05 2.671e-02 -1.046e-02 3.494e-02
2.951e+02 3.108e+02 1.566e+01 8.254e+01 2.663e+02 2.715e-02 5.424e-02 1.687e-05 2.713e-02 -1.046e-02 3.533e-02
2.949e+02 3.108e+02 1.583e+01 8.239e+01 2.658e+02 2.757e-02 5.509e-02 1.741e-05 2.756e-02 -1.047e-02 3.572e-02
2.948e+02 3.108e+02 1.600e+01 8.223e+01 2.653e+02 2.800e-02 5.594e-02 1.797e-05 2.798e-02 -1.047e-02 3.611e-02
2.946e+02 3.108e+02 1.616e+01 8.208e+01 2.648e+02 2.842e-02 5.679e-02 1.853e-05 2.841e-02 -1.048e-02 3.650e-02
2.944e+02 3.108e+02 1.633e+01 8.192e+01 2.643e+02 2.885e-02 5.764e-02 1.911e-05 2.883e-02 -1.048e-02 3.689e-02
2.943e+02 3.108e+02 1.649e+01 8.177e+01 2.638e+02 2.928e-02 5.850e-02 1.969e-05 2.926e-02 -1.049e-02 3.728e-02
2.941e+02 3.108e+02 1.666e+01 8.162e+01 2.633e+02 2.970e-02 5.935e-02 2.028e-05 2.968e-02 -1.049e-02 3.767e-02
2.939e+02 3.108e+02 1.682e+01 8.146e+01 2.628e+02 3.013e-02 6.020e-02 2.089e-05 3.011e-02 -1.050e-02 3.806e-02
2.938e+02 3.108e+02 1.698e+01 8.131e+01 2.623e+02 3.056e-02 6.106e-02 2.150e-05 3.054e-02 -1.050e-02 3.845e-02
2.936e+02 3.108e+02 1.715e+01 8.116e+01 2.618e+02 3.099e-02 6.191e-02 2.213e-05 3.097e-02 -1.051e-02 3.885e-02
2.935e+02 3.108e+02 1.731e+01 8.100e+01 2.613e+02 3.142e-02 6.277e-02 2.276e-05 3.140e-02 -1.051e-02 3.924e-02
2.933e+02 3.108e+02 1.747e+01 8.085e+01 2.608e+02 3.185e-02 6.363e-02 2.341e-05 3.183e-02 -1.052e-02 3.963e-02
2.931e+02 3.108e+02 1.763e+01 8.070e+01 2.603e+02 3.228e-02 6.449e-02 2.407e-05 3.226e-02 -1.052e-02 4.003e-02
2.930e+02 3.108e+02 1.779e+01 8.054e+01 2.598e+02 3.271e-02 6.535e-02 2.473e-05 3.269e-02 -1.053e-02 4.042e-02
2.928e+02 3.108e+02 1.795e+01 8.039e+01 2.593e+02 3.314e-02 6.621e-02 2.541e-05 3.312e-02 -1.053e-02 4.081e-02
2.926e+02 3.107e+02 1.811e+01 8.023e+01 2.588e+02 3.358e-02 6.708e-02 2.610e-05 3.355e-02 -1.054e-02 4.121e-02
2.925e+02 3.107e+02 1.827e+01 8.008e+01 2.583e+02 3.401e-02 6.794e-02 2.679e-05 3.398e-02 -1.054e-02 4.160e-02
2.923e+02 3.107e+02 1.843e+01 7.993e+01 2.578e+02 3.444e-02 6.880e-02 2.750e-05 3.442e-02 -1.055e-02 4.200e-02
2.921e+02 3.107e+02 1.859e+01 7.977e+01 2.573e+02 3.488e-02 6.967e-02 2.822e-05 3.485e-02 -1.056e-02 4.239e-02
2.920e+02 3.107e+02 1.875e+01 7.962e+01 2.568e+02 3.531e-02 7.054e-02 2.895e-05 3.528e-02 -1.056e-02 4.279e-02
2.918e+02 3.107e+02 1.891e+01 7.947e+01 2.563e+02 3.575e-02 7.140e-02 2.969e-05 3.572e-02 -1.057e-02 4.319e-02
2.916e+02 3.107e+02 1.907e+01 7.931e+01 2.558e+02 3.618e-02 7.227e-02 3.044e-05 3.615e-02 -1.058e-02 4.358e-02
2.915e+02 3.107e+02 1.923e+01 7.916e+01 2.554e+02 3.662e-02 7.314e-02 3.121e-05 3.659e-02 -1.058e-02 4.398e-02
2.913e+02 3.107e+02 1.938e+01 7.900e+01 2.549e+02 3.705e-02 7.401e-02 3.198e-05 3.702e-02 -1.059e-02 4.438e-02
2.911e+02 3.107e+02 1.954e+01 7.885e+01 2.544e+02 3.749e-02 7.488e-02 3.276e-05 3.746e-02 -1.060e-02 4.478e-02
2.910e+02 3.107e+02 1.970e+01 7.870e+01 2.539e+02 3.793e-02 7.575e-02 3.356e-05 3.789e-02 -1.060e-02 4.517e-02
2.908e+02 3.107e+02 1.985e+01 7.854e+01 2.534e+02 3.836e-02 7.663e-02 3.437e-05 3.833e-02 -1.061e-02 4.557e-02
2.907e+02 3.107e+02 2.001e+01 7.839e+01 2.529e+02 3.880e-02 7.750e-02 3.518e-05 3.877e-02 -1.062e-02 4.597e-02
2.905e+02 3.107e+02 2.017e+01 7.824e+01 2.524e+02 3.924e-02 7.837e-02 3.601e-05 3.920e-02 -1.062e-02 4.637e-02
2.903e+02 3.106e+02 2.032e+01 7.808e+01 2.519e+02 3.968e-02 7.925e-02 3.685e-05 3.964e-02 -1.063e-02 4.677e-02
2.902e+02 3.106e+02 2.048e+01 7.793e+01 2.514e+02 4.012e-02 8.012e-02 3.770e-05 4.008e-02 -1.064e-02 4.717e-02
2.900e+02 3.106e+02 2.063e+01 7.778e+01 2.509e+02 4.056e-02 8.100e-02 3.856e-05 4.052e-02 -1.065e-02 4.757e-02
2.898e+02 3.106e+02 2.079e+01 7.762e+01 2.504e+02 4.100e-02 8.188e-02 3.944e-05 4.096e-02 -1.065e-02 4.797e-02
2.897e+02 3.106e+02 2.094e+01 7.747e+01 2.499e+02 4.144e-02 8.276e-02 4.032e-05 4.140e-02 -1.066e-02 4.837e-02
2.895e+02 3.106e+02 2.109e+01 7.731e+01 2.494e+02 4.188e-02 8.364e-02 4.122e-05 4.184e-02 -1.067e-02 4.877e-02
2.893e+02 3.106e+02 2.125e+01 7.716e+01 2.489e+02 4.232e-02 8.452e-02 4.212e-05 4.228e-02 -1.068e-02 4.917e-02
2.892e+02 3.106e+02 2.140e+01 7.701e+01 2.484e+02 4.276e-02 8.540e-02 4.304e-05 4.272e-02 -1.069e-02 4.957e-02
2.890e+02 3.106e+02 2.155e+01 7.685e+01 2.479e+02 4.321e-02 8.628e-02 4.397e-05 4.316e-02 -1.069e-02 4.997e-02
2.888e+02 3.105e+02 2.171e+01 7.670e+01 2.474e+02 4.365e-02 8.716e-02 4.491e-05 4.360e-02 -1.070e-02 5.038e-02
2.887e+02 3.105e+02 2.186e+01 7.655e+01 2.469e+02 4.409e-02 8.804e-02 4.587e-05 4.404e-02 -1.071e-02 5.078e-02
2.885e+02 3.105e+02 2.201e+01 7.639e+01 2.464e+02 4.453e-02 8.893e-02 4.683e-05 4.449e-02 -1.072e-02 5.118e-02
2.883e+02 3.105e+02 2.216e+01 7.624e+01 2.459e+02 4.498e-02 8.981e-02 4.781e-05 4.493e-02 -1.073e-02 5.158e-02
2.882e+02 3.105e+02 2.231e+01 7.608e+01 2.454e+02 4.542e-02 9.070e-02 4.880e-05 4.537e-02 -1.074e-02 5.199e-02
2.880e+02 3.105e+02 2.246e+01 7.593e+01 2.449e+02 4.587e-02 9.158e-02 4.980e-05 4.582e-02 -1.074e-02 5.239e-02
2.878e+02 3.105e+02 2.262e+01 7.578e+01 2.444e+02 4.631e-02 9.247e-02 5.081e-05 4.626e-02 -1.075e-02 5.279e-02
2.877e+02 3.105e+02 2.277e+01 7.562e+01 2.439e+02 4.676e-02 9.336e-02 5.183e-05 4.670e-02 -1.076e-02 5.320e-02
2.875e+02 3.104e+02 2.292e+01 7.547e+01 2.435e+02 4.720e-02 9.425e-02 5.287e-05 4.715e-02 -1.077e-02 5.360e-02
2.874e+02 3.104e+02 2.307e+01 7.532e+01 2.430e+02 4.765e-02 9.513e-02 5.391e-05 4.759e-02 -1.078e-02 5.400e-02
2.872e+02 3.104e+02 2.322e+01 7.516e+01 2.425e+02 4.809e-02 9.602e-02 5.497e-05 4.804e-02 -1.079e-02 5.441e-02
2.870e+02 3.104e+02 2.337e+01 7.501e+01 2.420e+02 4.854e-02 9.691e-02 5.604e-05 4.848e-02 -1.080e-02 5.481e-02
2.869e+02 3.104e+02 2.352e+01 7.486e+01 2.415e+02 4.899e-02 9.780e-02 5.712e-05 4.893e-02 -1.081e-02 5.522e-02
2.867e+02 3.104e+02 2.367e+01 7.470e+01 2.410e+02 4.943e-02 9.869e-02 5.822e-05 4.938e-02 -1.082e-02 5.562e-02
2.865e+02 3.104e+02 2.381e+01 7.455e+01 2.405e+02 4.988e-02 9.959e-02 5.932e-05 4.982e-02 -1.083e-02 5.603e-02
2.864e+02 3.103e+02 2.396e+01 7.439e+01 2.400e+02 5.033e-02 1.005e-01 6.044e-05 5.027e-02 -1.084e-02 5.643e-02
2.862e+02 3.103e+02 2.411e+01 7.424e+01 2.395e+02 5.078e-02 1.014e-01 6.157e-05 5.072e-02 -1.085e-02 5.684e-02
2.861e+02 3.103e+02 2.426e+01 7.409e+01 2.390e+02 5.123e-02 1.023e-01 6.272e-05 5.116e-02 -1.085e-02 5.724e-02
2.859e+02 3.103e+02 2.441e+01 7.393e+01 2.385e+02 5.168e-02 1.032e-01 6.387e-05 5.161e-02 -1.086e-02 5.765e-02
2.857e+02 3.103e+02 2.456e+01 7.378e+01 2.380e+02 5.212e-02 1.041e-01 6.504e-05 5.206e-02 -1.087e-02 5.806e-02
2.856e+02 3.103e+02 2.470e+01 7.363e+01 2.375e+02 5.257e-02 1.049e-01 6.622e-05 5.251e-02 -1.088e-02 5.846e-02
2.854e+02 3.103e+02 2.485e+01 7.347e+01 2.370e+02 5.302e-02 1.058e-01 6.741e-05 5.296e-02 -1.089e-02 5.887e-02
2.852e+02 3.102e+02 2.500e+01 7.332e+01 2.365e+02 5.347e-02 1.067e-01 6.861e-05 5.341e-02 -1.090e-02 5.928e-02
2.851e+02 3.102e+02 2.514e+01 7.316e+01 2.360e+02 5.392e-02 1.076e-01 6.983e-05 5.385e-02 -1.091e-02 5.968e-02
2.849e+02 3.102e+02 2.529e+01 7.301e+01 2.355e+02 5.438e-02 1.085e-01 7.106e-05 5.430e-02 -1.092e-02 6.009e-02
2.848e+02 3.102e+02 2.544e+01 7.286e+01 2.350e+02 5.483e-02 1.094e-01 7.230e-05 5.475e-02 -1.093e-02 6.050e-02
2.846e+02 3.102e+02 2.558e+01 7.270e+01 2.345e+02 5.528e-02 1.103e-01 7.355e-05 5.520e-02 -1.095e-02 6.090e-02
2.844e+02 3.102e+02 2.573e+01 7.255e+01 2.340e+02 5.573e-02 1.112e-01 7.481e-05 5.565e-02 -1.096e-02 6.131e-02
2.843e+02 3.102e+02 2.587e+01 7.240e+01 2.335e+02 5.618e-02 1.121e-01 7.609e-05 5.610e-02 -1.097e-02 6.172e-02
2.841e+02 3.101e+02 2.602e+01 7.224e+01 2.330e+02 5.663e-02 1.130e-01 7.738e-05 5.655e-02 -1.098e-02 6.213e-02
2.840e+02 3.101e+02 2.616e+01 7.209e+01 2.325e+02 5.708e-02 1.139e-01 7.868e-05 5.701e-02 -1.099e-02 6.253e-02
2.838e+02 3.101e+02 2.631e+01 7.194e+01 2.320e+02 5.754e-02 1.148e-01 8.000e-05 5.746e-02 -1.100e-02 6.294e-02
2.837e+02 3.101e+02 2.645e+01 7.178e+01 2.316e+02 5.799e-02 1.157e-01 8.133e-05 5.791e-02 -1.101e-02 6.335e-02
2.835e+02 3.101e+02 2.660e+01 7.163e+01 2.311e+02 5.844e-02 1.166e-01 8.267e-05 5.836e-02 -1.102e-02 6.376e-02
2.833e+02 3.101e+02 2.674e+01 7.147e+01 2.306e+02 5.890e-02 1.175e-01 8.402e-05 5.881e-02 -1.103e-02 6.417e-02
2.832e+02 3.101e+02 2.689e+01 7.132e+01 2.301e+02 5.935e-02 1.184e-01 8.538e-05 5.926e-02 -1.104e-02 6.458e-02
2.830e+02 3.101e+02 2.703e+01 7.117e+01 2.296e+02 5.980e-02 1.193e-01 8.676e-05 5.972e-02 -1.105e-02 6.498e-02
2.829e+02 3.100e+02 2.717e+01 7.101e+01 2.291e+02 6.026e-02 1.203e-01 8.815e-05 6.017e-02 -1.106e-02 6.539e-02
2.827e+02 3.100e+02 2.732e+01 7.086e+01 2.286e+02 6.071e-02 1.212e-01 8.955e-05 6.062e-02 -1.107e-02 6.580e-02
2.826e+02 3.100e+02 2.746e+01 7.071e+01 2.281e+02 6.117e-02 1.221e-01 9.097e-05 6.108e-02 -1.109e-02 6.621e-02
2.824e+02 3.100e+02 2.760e+01 7.055e+01 2.276e+02 6.162e-02 1.230e-01 9.240e-05 6.153e-02 -1.110e-02 6.662e-02
2.822e+02 3.100e+02 2.775e+01 7.040e+01 2.271e+02 6.208e-02 1.239e-01 9.384e-05 6.198e-02 -1.111e-02 6.703e-02
2.821e+02 3.100e+02 2.789e+01 7.024e+01 2.266e+02 6.253e-02 1.248e-01 9.529e-05 6.244e-02 -1.112e-02 6.744e-02
2.819e+02 3.100e+02 2.803e+01 7.009e+01 2.261e+02 6.299e-02 1.257e-01 9.676e-05 6.289e-02 -1.113e-02 6.785e-02
2.818e+02 3.099e+02 2.817e+01 6.994e+01 2.256e+02 6.344e-02 1.266e-01 9.824e-05 6.334e-02 -1.114e-02 6.826e-02
2.816e+02 3.099e+02 2.831e+01 6.978e+01 2.251e+02 6.390e-02 1.275e-01 9.973e-05 6.380e-02 -1.115e-02 6.867e-02
2.815e+02 3.099e+02 2.846e+01 6.963e+01 2.246e+02 6.435e-02 1.284e-01 1.012e-04 6.425e-02 -1.117e-02 6.908e-02
2.813e+02 3.099e+02 2.860e+01 6.948e+01 2.241e+02 6.481e-02 1.293e-01 1.028e-04 6.471e-02 -1.118e-02 6.949e-02
2.812e+02 3.099e+02 2.874e+01 6.932e+01 2.236e+02 6.527e-02 1.302e-01 1.043e-04 6.516e-02 -1.119e-02 6.990e-02
2.810e+02 3.099e+02 2.888e+01 6.917e+01 2.231e+02 6.572e-02 1.311e-01 1.058e-04 6.562e-02 -1.120e-02 7.031e-02
2.808e+02 3.099e+02 2.902e+01 6.901e+01 2.226e+02 6.618e-02 1.320e-01 1.074e-04 6.607e-02 -1.121e-02 7.072e-02
2.807e+02 3.099e+02 2.916e+01 6.886e+01 2.221e+02 6.664e-02 1.329e-01 1.089e-04 6.653e-02 -1.122e-02 7.113e-02
2.805e+02 3.098e+02 2.930e+01 6.871e+01 2.216e+02 6.709e-02 1.339e-01 1.105e-04 6.698e-02 -1.123e-02 7.154e-02
2.804e+02 3.098e+02 2.944e+01 6.855e+01 2.211e+02 6.755e-02 1.348e-01 1.121e-04 6.744e-02 -1.125e-02 7.195e-02
2.802e+02 3.098e+02 2.958e+01 6.840e+01 2.206e+02 6.801e-02 1.357e-01 1.137e-04 6.790e-02 -1.126e-02 7.236e-02
2.801e+02 3.098e+02 2.972e+01 6.825e+01 2.202e+02 6.847e-02 1.366e-01 1.154e-04 6.835e-02 -1.127e-02 7.277e-02
2.799e+02 3.098e+02 2.986e+01 6.809e+01 2.197e+02 6.893e-02 1.375e-01 1.170e-04 6.881e-02 -1.128e-02 7.318e-02
2.798e+02 3.098e+02 3.000e+01 6.794e+01 2.192e+02 6.938e-02 1.384e-01 1.186e-04 6.926e-02 -1.129e-02 7.359e-02
2.796e+02 3.098e+02 3.014e+01 6.779e+01 2.187e+02 6.984e-02 1.393e-01 1.203e-04 6.972e-02 -1.131e-02 7.400e-02
2.795e+02 3.098e+02 3.028e+01 6.763e+01 2.182e+02 7.030e-02 1.402e-01 1.220e-04 7.018e-02 -1.132e-02 7.441e-02
2.793e+02 3.098e+02 3.042e+01 6.748e+01 2.177e+02 7.076e-02 1.411e-01 1.236e-04 7.064e-02 -1.133e-02 7.482e-02
2.792e+02 3.097e+02 3.056e+01 6.732e+01 2.172e+02 7.122e-02 1.421e-01 1.253e-04 7.109e-02 -1.134e-02 7.523e-02
2.790e+02 3.097e+02 3.069e+01 6.717e+01 2.167e+02 7.168e-02 1.430e-01 1.271e-04 7.155e-02 -1.135e-02 7.564e-02
2.789e+02 3.097e+02 3.083e+01 6.702e+01 2.162e+02 7.214e-02 1.439e-01 1.288e-04 7.201e-02 -1.137e-02 7.605e-02
2.787e+02 3.097e+02 3.097e+01 6.686e+01 2.157e+02 7.260e-02 1.448e-01 1.305e-04 7.246e-02 -1.138e-02 7.646e-02
2.786e+02 3.097e+02 3.111e+01 6.671e+01 2.152e+02 7.305e-02 1.457e-01 1.323e-04 7.292e-02 -1.139e-02 7.688e-02
2.785e+02 3.097e+02 3.125e+01 6.656e+01 2.147e+02 7.351e-02 1.466e-01 1.340e-04 7.338e-02 -1.140e-02 7.729e-02
2.783e+02 3.097e+02 3.138e+01 6.640e+01 2.142e+02 7.397e-02 1.475e-01 1.358e-04 7.384e-02 -1.142e-02 7.770e-02
2.782e+02 3.097e+02 3.152e+01 6.625e+01 2.137e+02 7.443e-02 1.485e-01 1.376e-04 7.430e-02 -1.143e-02 7.811e-02
2.780e+02 3.097e+02 3.166e+01 6.609e+01 2.132e+02 7.489e-02 1.494e-01 1.394e-04 7.475e-02 -1.144e-02 7.852e-02
2.779e+02 3.097e+02 3.179e+01 6.594e+01 2.127e+02 7.535e-02 1.503e-01 1.412e-04 7.521e-02 -1.145e-02 7.893e-02
2.777e+02 3.097e+02 3.193e+01 6.579e+01 2.122e+02 7.581e-02 1.512e-01 1.430e-04 7.567e-02 -1.146e-02 7.934e-02
2.776e+02 3.096e+02 3.207e+01 6.563e+01 2.117e+02 7.627e-02 1.521e-01 1.449e-04 7.613e-02 -1.148e-02 7.975e-02
2.774e+02 3.096e+02 3.220e+01 6.548e+01 2.112e+02 7.673e-02 1.530e-01 1.467e-04 7.659e-02 -1.149e-02 8.017e-02
2.773e+02 3.096e+02 3.234e+01 6.533e+01 2.107e+02 7.720e-02 1.539e-01 1.486e-04 7.705e-02 -1.150e-02 8.058e-02
2.771e+02 3.096e+02 3.247e+01 6.517e+01 2.102e+02 7.766e-02 1.549e-01 1.505e-04 7.751e-02 -1.151e-02 8.099e-02
2.770e+02 3.096e+02 3.261e+01 6.502e+01 2.097e+02 7.812e-02 1.558e-01 1.524e-04 7.796e-02 -1.153e-02 8.140e-02
2.769e+02 3.096e+02 3.275e+01 6.487e+01 2.092e+02 7.858e-02 1.567e-01 1.543e-04 7.842e-02 -1.154e-02 8.181e-02
2.767e+02 3.096e+02 3.288e+01 6.471e+01 2.087e+02 7.904e-02 1.576e-01 1.562e-04 7.888e-02 -1.155e-02 8.222e-02
2.766e+02 3.096e+02 3.302e+01 6.456e+01 2.083e+02 7.950e-02 1.585e-01 1.581e-04 7.934e-02 -1.156e-02 8.263e-02
2.764e+02 3.096e+02 3.315e+01 6.440e+01 2.078e+02 7.996e-02 1.594e-01 1.601e-04 7.980e-02 -1.157e-02 8.305e-02
2.763e+02 3.096e+02 3.329e+01 6.425e+01 2.073e+02 8.042e-02 1.604e-01 1.620e-04 8.026e-02 -1.159e-02 8.346e-02
2.762e+02 3.096e+02 3.342e+01 6.410e+01 2.068e+02 8.088e-02 1.613e-01 1.640e-04 8.072e-02 -1.160e-02 8.387e-02
2.760e+02 3.096e+02 3.355e+01 6.394e+01 2.063e+02 8.135e-02 1.622e-01 1.660e-04 8.118e-02 -1.161e-02 8.428e-02
2.759e+02 3.096e+02 3.369e+01 6.379e+01 2.058e+02 8.181e-02 1.631e-01 1.680e-04 8.164e-02 -1.162e-02 8.469e-02
2.757e+02 3.096e+02 3.382e+01 6.364e+01 2.053e+02 8.227e-02 1.640e-01 1.700e-04 8.210e-02 -1.164e-02 8.510e-02
2.756e+02 3.095e+02 3.396e+01 6.348e+01 2.048e+02 8.273e-02 1.649e-01 1.720e-04 8.256e-02 -1.165e-02 8.551e-02
2.755e+02 3.095e+02 3.409e+01 6.333e+01 2.043e+02 8.319e-02 1.659e-01 1.741e-04 8.302e-02 -1.166e-02 8.593e-02
2.753e+02 3.095e+02 3.422e+01 6.317e+01 2.038e+02 8.366e-02 1.668e-01 1.761e-04 8.348e-02 -1.167e-02 8.634e-02
2.752e+02 3.095e+02 3.436e+01 6.302e+01 2.033e+02 8.412e-02 1.677e-01 1.782e-04 8.394e-02 -1.169e-02 8.675e-02
2.750e+02 3.095e+02 3.449e+01 6.287e+01 2.028e+02 8.458e-02 1.686e-01 1.803e-04 8.440e-02 -1.170e-02 8.716e-02
2.749e+02 3.095e+02 3.462e+01 6.271e+01 2.023e+02 8.504e-02 1.695e-01 1.823e-04 8.486e-02 -1.171e-02 8.757e-02
2.748e+02 3.095e+02 3.475e+01 6.256e+01 2.018e+02 8.551e-02 1.705e-01 1.845e-04 8.532e-02 -1.172e-02 8.798e-02
2.746e+02 3.095e+02 3.489e+01 6.241e+01 2.013e+02 8.597e-02 1.714e-01 1.866e-04 8.578e-02 -1.173e-02 8.840e-02
2.745e+02 3.095e+02 3.502e+01 6.225e+01 2.008e+02 8.643e-02 1.723e-01 1.887e-04 8.624e-02 -1.175e-02 8.881e-02
2.744e+02 3.095e+02 3.515e+01 6.210e+01 2.003e+02 8.689e-02 1.732e-01 1.908e-04 8.670e-02 -1.176e-02 8.922e-02
2.742e+02 3.095e+02 3.528e+01 6.195e+01 1.998e+02 8.736e-02 1.741e-01 1.930e-04 8.716e-02 -1.177e-02 8.963e-02
2.741e+02 3.095e+02 3.541e+01 6.179e+01 1.993e+02 8.782e-02 1.751e-01 1.952e-04 8.763e-02 -1.178e-02 9.004e-02
2.740e+02 3.095e+02 3.554e+01 6.164e+01 1.988e+02 8.828e-02 1.760e-01 1.973e-04 8.809e-02 -1.179e-02 9.045e-02
2.738e+02 3.095e+02 3.568e+01 6.148e+01 1.983e+02 8.875e-02 1.769e-01 1.995e-04 8.855e-02 -1.181e-02 9.087e-02
2.737e+02 3.095e+02 3.581e+01 6.133e+01 1.978e+02 8.921e-02 1.778e-01 2.017e-04 8.901e-02 -1.182e-02 9.128e-02
2.736e+02 3.095e+02 3.594e+01 6.118e+01 1.973e+02 8.967e-02 1.787e-01 2.040e-04 8.947e-02 -1.183e-02 9.169e-02
2.734e+02 3.095e+02 3.607e+01 6.102e+01 1.968e+02 9.014e-02 1.797e-01 2.062e-04 8.993e-02 -1.184e-02 9.210e-02
2.733e+02 3.095e+02 3.620e+01 6.087e+01 1.964e+02 9.060e-02 1.806e-01 2.084e-04 9.039e-02 -1.185e-02 9.251e-02
2.732e+02 3.095e+02 3.633e+01 6.072e+01 1.959e+02 9.106e-02 1.815e-01 2.107e-04 9.085e-02 -1.187e-02 9.292e-02
2.730e+02 3.095e+02 3.646e+01 6.056e+01 1.954e+02 9.153e-02 1.824e-01 2.130e-04 9.131e-02 -1.188e-02 9.333e-02
2.729e+02 3.095e+02 3.659e+01 6.041e+01 1.949e+02 9.199e-02 1.833e-01 2.152e-04 9.178e-02 -1.189e-02 9.375e-02
2.728e+02 3.095e+02 3.672e+01 6.025e+01 1.944e+02 9.245e-02 1.843e-01 2.175e-04 9.224e-02 -1.190e-02 9.416e-02
2.727e+02 3.095e+02 3.685e+01 6.010e+01 1.939e+02 9.292e-02 1.852e-01 2.199e-04 9.270e-02 -1.191e-02 9.457e-02
2.725e+02 3.095e+02 3.698e+01 5.995e+01 1.934e+02 9.338e-02 1.861e-01 2.222e-04 9.316e-02 -1.192e-02 9.498e-02
2.724e+02 3.095e+02 3.711e+01 5.979e+01 1.929e+02 9.385e-02 1.870e-01 2.245e-04 9.362e-02 -1.194e-02 9.539e-02
2.723e+02 3.095e+02 3.724e+01 5.964e+01 1.924e+02 9.431e-02 1.879e-01 2.269e-04 9.408e-02 -1.195e-02 9.580e-02
2.721e+02 3.095e+02 3.736e+01 5.949e+01 1.919e+02 9.477e-02 1.889e-01 2.292e-04 9.455e-02 -1.196e-02 9.622e-02
2.720e+02 3.095e+02 3.749e+01 5.933e+01 1.914e+02 9.524e-02 1.898e-01 2.316e-04 9.501e-02 -1.197e-02 9.663e-02
2.719e+02 3.095e+02 3.762e+01 5.918e+01 1.909e+02 9.570e-02 1.907e-01 2.340e-04 9.547e-02 -1.198e-02 9.704e-02
2.718e+02 3.095e+02 3.775e+01 5.903e+01 1.904e+02 9.617e-02 1.916e-01 2.364e-04 9.593e-02 -1.199e-02 9.745e-02
2.716e+02 3.095e+02 3.788e+01 5.887e+01 1.899e+02 9.663e-02 1.925e-01 2.388e-04 9.639e-02 -1.200e-02 9.786e-02
2.715e+02 3.095e+02 3.800e+01 5.872e+01 1.894e+02 9.710e-02 1.935e-01 2.412e-04 9.685e-02 -1.202e-02 9.827e-02
2.714e+02 3.095e+02 3.813e+01 5.856e+01 1.889e+02 9.756e-02 1.944e-01 2.437e-04 9.732e-02 -1.203e-02 9.868e-02
2.713e+02 3.095e+02 3.826e+01 5.841e+01 1.884e+02 9.802e-02 1.953e-01 2.461e-04 9.778e-02 -1.204e-02 9.910e-02
2.712e+02 3.095e+02 3.839e+01 5.826e+01 1.879e+02 9.849e-02 1.962e-01 2.486e-04 9.824e-02 -1.205e-02 9.951e-02
2.710e+02 3.095e+02 3.851e+01 5.810e+01 1.874e+02 9.895e-02 1.972e-01 2.510e-04 9.870e-02 -1.206e-02 9.992e-02
2.709e+02 3.096e+02 3.864e+01 5.795e+01 1.869e+02 9.942e-02 1.981e-01 2.535e-04 9.917e-02 -1.207e-02 1.003e-01
2.708e+02 3.096e+02 3.877e+01 5.780e+01 1.864e+02 9.988e-02 1.990e-01 2.560e-04 9.963e-02 -1.208e-02 1.007e-01
2.707e+02 3.096e+02 3.889e+01 5.764e+01 1.859e+02 1.003e-01 1.999e-01 2.585e-04 1.001e-01 -1.209e-02 1.012e-01
2.706e+02 3.096e+02 3.902e+01 5.749e+01 1.854e+02 1.008e-01 2.008e-01 2.611e-04 1.006e-01 -1.210e-02 1.016e-01
2.704e+02 3.096e+02 3.915e+01 5.733e+01 1.849e+02 1.013e-01 2.018e-01 2.636e-04 1.010e-01 -1.211e-02 1.020e-01
2.703e+02 3.096e+02 3.927e+01 5.718e+01 1.845e+02 1.017e-01 2.027e-01 2.662e-04 1.015e-01 -1.212e-02 1.024e-01
2.702e+02 3.096e+02 3.940e+01 5.703e+01 1.840e+02 1.022e-01 2.036e-01 2.687e-04 1.019e-01 -1.214e-02 1.028e-01
2.701e+02 3.096e+02 3.952e+01 5.687e+01 1.835e+02 1.027e-01 2.045e-01 2.713e-04 1.024e-01 -1.215e-02 1.032e-01
2.700e+02 3.096e+02 3.965e+01 5.672e+01 1.830e+02 1.031e-01 2.055e-01 2.739e-04 1.029e-01 -1.216e-02 1.036e-01
2.698e+02 3.096e+02 3.977e+01 5.657e+01 1.825e+02 1.036e-01 2.064e-01 2.765e-04 1.033e-01 -1.217e-02 1.040e-01
2.697e+02 3.096e+02 3.990e+01 5.641e+01 1.820e+02 1.041e-01 2.073e-01 2.791e-04 1.038e-01 -1.218e-02 1.044e-01
2.696e+02 3.096e+02 4.002e+01 5.626e+01 1.815e+02 1.045e-01 2.082e-01 2.817e-04 1.043e-01 -1.219e-02 1.049e-01
2.695e+02 3.096e+02 4.015e+01 5.610e+01 1.810e+02 1.050e-01 2.091e-01 2.844e-04 1.047e-01 -1.220e-02 1.053e-01
2.694e+02 3.097e+02 4.027e+01 5.595e+01 1.805e+02 1.055e-01 2.101e-01 2.870e-04 1.052e-01 -1.221e-02 1.057e-01
2.693e+02 3.097e+02 4.040e+01 5.580e+01 1.800e+02 1.059e-01 2.110e-01 2.897e-04 1.056e-01 -1.222e-02 1.061e-01
2.692e+02 3.097e+02 4.052e+01 5.564e+01 1.795e+02 1.064e-01 2.119e-01 2.923e-04 1.061e-01 -1.223e-02 1.065e-01
2.690e+02 3.097e+02 4.064e+01 5.549e+01 1.790e+02 1.069e-01 2.128e-01 2.950e-04 1.066e-01 -1.223e-02 1.069e-01
2.689e+02 3.097e+02 4.077e+01 5.534e+01 1.785e+02 1.073e-01 2.138e-01 2.977e-04 1.070e-01 -1.224e-02 1.073e-01
2.688e+02 3.097e+02 4.089e+01 5.518e+01 1.780e+02 1.078e-01 2.147e-01 3.004e-04 1.075e-01 -1.225e-02 1.077e-01
2.687e+02 3.097e+02 4.101e+01 5.503e+01 1.775e+02 1.083e-01 2.156e-01 3.032e-04 1.080e-01 -1.226e-02 1.081e-01
2.686e+02 3.097e+02 4.114e+01 5.488e+01 1.770e+02 1.087e-01 2.165e-01 3.059e-04 1.084e-01 -1.227e-02 1.086e-01
2.685e+02 3.098e+02 4.126e+01 5.472e+01 1.765e+02 1.092e-01 2.175e-01 3.087e-04 1.089e-01 -1.228e-02 1.090e-01
2.684e+02 3.098e+02 4.138e+01 5.457e+01 1.760e+02 1.097e-01 2.184e-01 3.114e-04 1.093e-01 -1.229e-02 1.094e-01
2.683e+02 3.098e+02 4.150e+01 5.441e+01 1.755e+02 1.101e-01 2.193e-01 3.142e-04 1.098e-01 -1.230e-02 1.098e-01
2.682e+02 3.098e+02 4.163e+01 5.426e+01 1.750e+02 1.106e-01 2.202e-01 3.170e-04 1.103e-01 -1.231e-02 1.102e-01
2.681e+02 3.098e+02 4.175e+01 5.411e+01 1.745e+02 1.111e-01 2.211e-01 3.198e-04 1.107e-01 -1.232e-02 1.106e-01
2.680e+02 3.098e+02 4.187e+01 5.395e+01 1.740e+02 1.115e-01 2.221e-01 3.226e-04 1.112e-01 -1.232e-02 1.110e-01
2.678e+02 3.098e+02 4.199e+01 5.380e+01 1.735e+02 1.120e-01 2.230e-01 3.254e-04 1.117e-01 -1.233e-02 1.114e-01
2.677e+02 3.099e+02 4.211e+01 5.365e+01 1.731e+02 1.125e-01 2.239e-01 3.282e-04 1.121e-01 -1.234e-02 1.118e-01
2.676e+02 3.099e+02 4.223e+01 5.349e+01 1.726e+02 1.129e-01 2.248e-01 3.311e-04 1.126e-01 -1.235e-02 1.123e-01
2.675e+02 3.099e+02 4.236e+01 5.334e+01 1.721e+02 1.134e-01 2.258e-01 3.339e-04 1.131e-01 -1.236e-02 1.127e-01
2.674e+02 3.099e+02 4.248e+01 5.318e+01 1.716e+02 1.139e-01 2.267e-01 3.368e-04 1.135e-01 -1.236e-02 1.131e-01
2.673e+02 3.099e+02 4.260e+01 5.303e+01 1.711e+02 1.143e-01 2.276e-01 3.397e-04 1.140e-01 -1.237e-02 1.135e-01
2.672e+02 3.099e+02 4.272e+01 5.288e+01 1.706e+02 1.148e-01 2.285e-01 3.426e-04 1.144e-01 -1.238e-02 1.139e-01
2.671e+02 3.100e+02 4.284e+01 5.272e+01 1.701e+02 1.153e-01 2.295e-01 3.455e-04 1.149e-01 -1.239e-02 1.143e-01
2.670e+02 3.100e+02 4.296e+01 5.257e+01 1.696e+02 1.157e-01 2.304e-01 3.484e-04 1.154e-01 -1.239e-02 1.147e-01
2.669e+02 3.100e+02 4.308e+01 5.242e+01 1.691e+02 1.162e-01 2.313e-01 3.513e-04 1.158e-01 -1.240e-02 1.151e-01
2.668e+02 3.100e+02 4.320e+01 5.226e+01 1.686e+02 1.167e-01 2.322e-01 3.543e-04 1.163e-01 -1.241e-02 1.156e-01
2.667e+02 3.100e+02 4.332e+01 5.211e+01 1.681e+02 1.171e-01 2.332e-01 3.572e-04 1.168e-01 -1.241e-02 1.160e-01
2.666e+02 3.101e+02 4.344e+01 5.196e+01 1.676e+02 1.176e-01 2.341e-01 3.602e-04 1.172e-01 -1.242e-02 1.164e-01
2.665e+02 3.101e+02 4.356e+01 5.180e+01 1.671e+02 1.181e-01 2.350e-01 3.631e-04 1.177e-01 -1.243e-02 1.168e-01
2.664e+02 3.101e+02 4.368e+01 5.165e+01 1.666e+02 1.185e-01 2.359e-01 3.661e-04 1.182e-01 -1.243e-02 1.172e-01
2.663e+02 3.101e+02 4.379e+01 5.149e+01 1.661e+02 1.190e-01 2.369e-01 3.691e-04 1.186e-01 -1.244e-02 1.176e-01
2.662e+02 3.102e+02 4.391e+01 5.134e+01 1.656e+02 1.195e-01 2.378e-01 3.721e-04 1.191e-01 -1.245e-02 1.180e-01
2.661e+02 3.102e+02 4.403e+01 5.119e+01 1.651e+02 1.199e-01 2.387e-01 3.752e-04 1.196e-01 -1.245e-02 1.184e-01
2.661e+02 3.102e+02 4.415e+01 5.103e+01 1.646e+02 1.204e-01 2.397e-01 3.782e-04 1.200e-01 -1.246e-02 1.188e-01
2.660e+02 3.102e+02 4.427e+01 5.088e+01 1.641e+02 1.209e-01 2.406e-01 3.812e-04 1.205e-01 -1.246e-02 1.193e-01
2.659e+02 3.103e+02 4.439e+01 5.073e+01 1.636e+02 1.213e-01 2.415e-01 3.843e-04 1.209e-01 -1.247e-02 1.197e-01
2.658e+02 3.103e+02 4.450e+01 5.057e+01 1.631e+02 1.218e-01 2.424e-01 3.874e-04 1.214e-01 -1.247e-02 1.201e-01
2.657e+02 3.103e+02 4.462e+01 5.042e+01 1.626e+02 1.223e-01 2.434e-01 3.904e-04 1.219e-01 -1.248e-02 1.205e-01
2.656e+02 3.103e+02 4.474e+01 5.026e+01 1.621e+02 1.227e-01 2.443e-01 3.935e-04 1.223e-01 -1.248e-02 1.209e-01
2.655e+02 3.104e+02 4.486e+01 5.011e+01 1.616e+02 1.232e-01 2.452e-01 3.966e-04 1.228e-01 -1.249e-02 1.213e-01
2.654e+02 3.104e+02 4.497e+01 4.996e+01 1.612e+02 1.237e-01 2.461e-01 3.997e-04 1.233e-01 -1.249e-02 1.217e-01
2.653e+02 3.104e+02 4.509e+01 4.980e+01 1.607e+02 1.241e-01 2.471e-01 4.029e-04 1.237e-01 -1.249e-02 1.221e-01
2.652e+02 3.104e+02 4.521e+01 4.965e+01 1.602e+02 1.246e-01 2.480e-01 4.060e-04 1.242e-01 -1.250e-02 1.226e-01
2.651e+02 3.105e+02 4.532e+01 4.950e+01 1.597e+02 1.251e-01 2.489e-01 4.091e-04 1.247e-01 -1.250e-02 1.230e-01
2.651e+02 3.105e+02 4.544e+01 4.934e+01 1.592e+02 1.255e-01 2.499e-01 4.123e-04 1.251e-01 -1.251e-02 1.234e-01
2.650e+02 3.105e+02 4.555e+01 4.919e+01 1.587e+02 1.260e-01 2.508e-01 4.155e-04 1.256e-01 -1.251e-02 1.238e-01
2.649e+02 3.106e+02 4.567e+01 4.904e+01 1.582e+02 1.265e-01 2.517e-01 4.186e-04 1.261e-01 -1.251e-02 1.242e-01
2.648e+02 3.106e+02 4.579e+01 4.888e+01 1.577e+02 1.270e-01 2.527e-01 4.218e-04 1.265e-01 -1.251e-02 1.246e-01
2.647e+02 3.106e+02 4.590e+01 4.873e+01 1.572e+02 1.274e-01 2.536e-01 4.250e-04 1.270e-01 -1.252e-02 1.250e-01
2.646e+02 3.107e+02 4.602e+01 4.857e+01 1.567e+02 1.279e-01 2.545e-01 4.282e-04 1.275e-01 -1.252e-02 1.255e-01
2.646e+02 3.107e+02 4.613e+01 4.842e+01 1.562e+02 1.284e-01 2.554e-01 4.315e-04 1.279e-01 -1.252e-02 1.259e-01
2.645e+02 3.107e+02 4.625e+01 4.827e+01 1.557e+02 1.288e-01 2.564e-01 4.347e-04 1.284e-01 -1.252e-02 1.263e-01
2.644e+02 3.108e+02 4.636e+01 4.811e+01 1.552e+02 1.293e-01 2.573e-01 4.379e-04 1.289e-01 -1.253e-02 1.267e-01
2.643e+02 3.108e+02 4.648e+01 4.796e+01 1.547e+02 1.298e-01 2.582e-01 4.412e-04 1.293e-01 -1.253e-02 1.271e-01
2.642e+02 3.108e+02 4.659e+01 4.781e+01 1.542e+02 1.303e-01 2.592e-01 4.445e-04 1.298e-01 -1.253e-02 1.275e-01
2.642e+02 3.109e+02 4.670e+01 4.765e+01 1.537e+02 1.307e-01 2.601e-01 4.477e-04 1.303e-01 -1.253e-02 1.279e-01
2.641e+02 3.109e+02 4.682e+01 4.750e+01 1.532e+02 1.312e-01 2.610e-01 4.510e-04 1.307e-01 -1.253e-02 1.284e-01
2.640e+02 3.109e+02 4.693e+01 4.734e+01 1.527e+02 1.317e-01 2.620e-01 4.543e-04 1.312e-01 -1.253e-02 1.288e-01
2.639e+02 3.110e+02 4.705e+01 4.719e+01 1.522e+02 1.321e-01 2.629e-01 4.576e-04 1.317e-01 -1.253e-02 1.292e-01
2.638e+02 3.110e+02 4.716e+01 4.704e+01 1.517e+02 1.326e-01 2.638e-01 4.610e-04 1.321e-01 -1.253e-02 1.296e-01
2.638e+02 3.110e+02 4.727e+01 4.688e+01 1.512e+02 1.331e-01 2.648e-01 4.643e-04 1.326e-01 -1.253e-02 1.300e-01
2.637e+02 3.111e+02 4.739e+01 4.673e+01 1.507e+02 1.336e-01 2.657e-01 4.676e-04 1.331e-01 -1.253e-02 1.304e-01
2.636e+02 3.111e+02 4.750e+01 4.658e+01 1.502e+02 1.340e-01 2.666e-01 4.710e-04 1.336e-01 -1.253e-02 1.308e-01
2.635e+02 3.112e+02 4.761e+01 4.642e+01 1.497e+02 1.345e-01 2.676e-01 4.743e-04 1.340e-01 -1.253e-02 1.313e-01
2.635e+02 3.112e+02 4.772e+01 4.627e+01 1.493e+02 1.350e-01 2.685e-01 4.777e-04 1.345e-01 -1.253e-02 1.317e-01
2.634e+02 3.112e+02 4.784e+01 4.612e+01 1.488e+02 1.354e-01 2.695e-01 4.811e-04 1.350e-01 -1.253e-02 1.321e-01
2.633e+02 3.113e+02 4.795e+01 4.596e+01 1.483e+02 1.359e-01 2.704e-01 4.845e-04 1.354e-01 -1.253e-02 1.325e-01
2.633e+02 3.113e+02 4.806e+01 4.581e+01 1.478e+02 1.364e-01 2.713e-01 4.879e-04 1.359e-01 -1.252e-02 1.329e-01
2.632e+02 3.114e+02 4.817e+01 4.565e+01 1.473e+02 1.369e-01 2.723e-01 4.913e-04 1.364e-01 -1.252e-02 1.333e-01
2.631e+02 3.114e+02 4.829e+01 4.550e+01 1.468e+02 1.373e-01 2.732e-01 4.947e-04 1.369e-01 -1.252e-02 1.338e-01
2.631e+02 3.115e+02 4.840e+01 4.535e+01 1.463e+02 1.378e-01 2.741e-01 4.982e-04 1.373e-01 -1.252e-02 1.342e-01
2.630e+02 3.115e+02 4.851e+01 4.519e+01 1.458e+02 1.383e-01 2.751e-01 5.016e-04 1.378e-01 -1.251e-02 1.346e-01
2.629e+02 3.115e+02 4.862e+01 4.504e+01 1.453e+02 1.388e-01 2.760e-01 5.051e-04 1.383e-01 -1.251e-02 1.350e-01
2.629e+02 3.116e+02 4.873e+01 4.489e+01 1.448e+02 1.392e-01 2.770e-01 5.086e-04 1.387e-01 -1.250e-02 1.354e-01
2.628e+02 3.116e+02 4.884e+01 4.473e+01 1.443e+02 1.397e-01 2.779e-01 5.120e-04 1.392e-01 -1.250e-02 1.359e-01
2.627e+02 3.117e+02 4.895e+01 4.458e+01 1.438e+02 1.402e-01 2.789e-01 5.155e-04 1.397e-01 -1.250e-02 1.363e-01
2.627e+02 3.117e+02 4.906e+01 4.442e+01 1.433e+02 1.407e-01 2.798e-01 5.190e-04 1.402e-01 -1.249e-02 1.367e-01
2.626e+02 3.118e+02 4.917e+01 4.427e+01 1.428e+02 1.412e-01 2.807e-01 5.225e-04 1.406e-01 -1.249e-02 1.371e-01
2.625e+02 3.118e+02 4.928e+01 4.412e+01 1.423e+02 1.416e-01 2.817e-01 5.261e-04 1.411e-01 -1.248e-02 1.375e-01
2.625e+02 3.119e+02 4.939e+01 4.396e+01 1.418e+02 1.421e-01 2.826e-01 5.296e-04 1.416e-01 -1.248e-02 1.380e-01
2.624e+02 3.119e+02 4.950e+01 4.381e+01 1.413e+02 1.426e-01 2.836e-01 5.331e-04 1.421e-01 -1.247e-02 1.384e-01
2.624e+02 3.120e+02 4.961e+01 4.366e+01 1.408e+02 1.431e-01 2.845e-01 5.367e-04 1.425e-01 -1.246e-02 1.388e-01
2.623e+02 3.120e+02 4.972e+01 4.350e+01 1.403e+02 1.435e-01 2.855e-01 5.402e-04 1.430e-01 -1.246e-02 1.392e-01
2.623e+02 3.121e+02 4.983e+01 4.335e+01 1.398e+02 1.440e-01 2.864e-01 5.438e-04 1.435e-01 -1.245e-02 1.396e-01
2.622e+02 3.121e+02 4.994e+01 4.319e+01 1.393e+02 1.445e-01 2.874e-01 5.474e-04 1.440e-01 -1.244e-02 1.401e-01
2.621e+02 3.122e+02 5.005e+01 4.304e+01 1.388e+02 1.450e-01 2.883e-01 5.510e-04 1.444e-01 -1.243e-02 1.405e-01
2.621e+02 3.123e+02 5.016e+01 4.289e+01 1.383e+02 1.455e-01 2.893e-01 5.546e-04 1.449e-01 -1.243e-02 1.409e-01
2.620e+02 3.123e+02 5.027e+01 4.273e+01 1.379e+02 1.459e-01 2.902e-01 5.582e-04 1.454e-01 -1.242e-02 1.413e-01
2.620e+02 3.124e+02 5.037e+01 4.258e+01 1.374e+02 1.464e-01 2.912e-01 5.618e-04 1.459e-01 -1.241e-02 1.418e-01
2.619e+02 3.124e+02 5.048e+01 4.243e+01 1.369e+02 1.469e-01 2.921e-01 5.654e-04 1.463e-01 -1.240e-02 1.422e-01
2.619e+02 3.125e+02 5.059e+01 4.227e+01 1.364e+02 1.474e-01 2.931e-01 5.691e-04 1.468e-01 -1.239e-02 1.426e-01
2.618e+02 3.125e+02 5.070e+01 4.212e+01 1.359e+02 1.479e-01 2.940e-01 5.727e-04 1.473e-01 -1.238e-02 1.430e-01
2.618e+02 3.126e+02 5.081e+01 4.197e+01 1.354e+02 1.484e-01 2.950e-01 5.764e-04 1.478e-01 -1.237e-02 1.435e-01
2.617e+02 3.127e+02 5.091e+01 4.181e+01 1.349e+02 1.488e-01 2.959e-01 5.801e-04 1.483e-01 -1.236e-02 1.439e-01
2.617e+02 3.127e+02 5.102e+01 4.166e+01 1.344e+02 1.493e-01 2.969e-01 5.838e-04 1.487e-01 -1.235e-02 1.443e-01
2.617e+02 3.128e+02 5.113e+01 4.150e+01 1.339e+02 1.498e-01 2.979e-01 5.875e-04 1.492e-01 -1.233e-02 1.447e-01
2.616e+02 3.128e+02 5.124e+01 4.135e+01 1.334e+02 1.503e-01 2.988e-01 5.912e-04 1.497e-01 -1.232e-02 1.452e-01
2.616e+02 3.129e+02 5.134e+01 4.120e+01 1.329e+02 1.508e-01 2.998e-01 5.949e-04 1.502e-01 -1.231e-02 1.456e-01
2.615e+02 3.130e+02 5.145e+01 4.104e+01 1.324e+02 1.513e-01 3.008e-01 5.986e-04 1.507e-01 -1.230e-02 1.460e-01
2.615e+02 3.130e+02 5.156e+01 4.089e+01 1.319e+02 1.518e-01 3.017e-01 6.023e-04 1.512e-01 -1.228e-02 1.464e-01
2.614e+02 3.131e+02 5.166e+01 4.074e+01 1.314e+02 1.523e-01 3.027e-01 6.061e-04 1.516e-01 -1.227e-02 1.469e-01
2.614e+02 3.132e+02 5.177e+01 4.058e+01 1.309e+02 1.527e-01 3.036e-01 6.098e-04 1.521e-01 -1.226e-02 1.473e-01
2.614e+02 3.132e+02 5.188e+01 4.043e+01 1.304e+02 1.532e-01 3.046e-01 6.136e-04 1.526e-01 -1.224e-02 1.477e-01
2.613e+02 3.133e+02 5.198e+01 4.027e+01 1.299e+02 1.537e-01 3.056e-01 6.174e-04 1.531e-01 -1.223e-02 1.482e-01
2.613e+02 3.134e+02 5.209e+01 4.012e+01 1.294e+02 1.542e-01 3.066e-01 6.211e-04 1.536e-01 -1.221e-02 1.486e-01
2.613e+02 3.134e+02 5.219e+01 3.997e+01 1.289e+02 1.547e-01 3.075e-01 6.249e-04 1.541e-01 -1.219e-02 1.490e-01
2.612e+02 3.135e+02 5.230e+01 3.981e+01 1.284e+02 1.552e-01 3.085e-01 6.287e-04 1.546e-01 -1.218e-02 1.495e-01
2.612e+02 3.136e+02 5.241e+01 3.966e+01 1.279e+02 1.557e-01 3.095e-01 6.326e-04 1.551e-01 -1.216e-02 1.499e-01
2.611e+02 3.137e+02 5.251e+01 3.951e+01 1.274e+02 1.562e-01 3.105e-01 6.364e-04 1.555e-01 -1.214e-02 1.503e-01
2.611e+02 3.137e+02 5.262e+01 3.935e+01 1.269e+02 1.567e-01 3.114e-01 6.402e-04 1.560e-01 -1.213e-02 1.508e-01
2.611e+02 3.138e+02 5.272e+01 3.920e+01 1.264e+02 1.572e-01 3.124e-01 6.441e-04 1.565e-01 -1.211e-02 1.512e-01
2.611e+02 3.139e+02 5.283e+01 3.905e+01 1.260e+02 1.577e-01 3.134e-01 6.479e-04 1.570e-01 -1.209e-02 1.516e-01
2.610e+02 3.140e+02 5.293e+01 3.889e+01 1.255e+02 1.582e-01 3.144e-01 6.518e-04 1.575e-01 -1.207e-02 1.521e-01
2.610e+02 3.140e+02 5.304e+01 3.874e+01 1.250e+02 1.587e-01 3.154e-01 6.556e-04 1.580e-01 -1.205e-02 1.525e-01
2.610e+02 3.141e+02 5.314e+01 3.858e+01 1.245e+02 1.592e-01 3.163e-01 6.595e-04 1.585e-01 -1.203e-02 1.530e-01
2.610e+02 3.142e+02 5.324e+01 3.843e+01 1.240e+02 1.597e-01 3.173e-01 6.634e-04 1.590e-01 -1.201e-02 1.534e-01
2.609e+02 3.143e+02 5.335e+01 3.828e+01 1.235e+02 1.602e-01 3.183e-01 6.673e-04 1.595e-01 -1.199e-02 1.538e-01
2.609e+02 3.144e+02 5.345e+01 3.812e+01 1.230e+02 1.607e-01 3.193e-01 6.713e-04 1.600e-01 -1.196e-02 1.543e-01
2.609e+02 3.144e+02 5.356e+01 3.797e+01 1.225e+02 1.612e-01 3.203e-01 6.752e-04 1.605e-01 -1.194e-02 1.547e-01
2.609e+02 3.145e+02 5.366e+01 3.782e+01 1.220e+02 1.617e-01 3.213e-01 6.791e-04 1.610e-01 -1.192e-02 1.552e-01
2.608e+02 3.146e+02 5.377e+01 3.766e+01 1.215e+02 1.622e-01 3.223e-01 6.831e-04 1.615e-01 -1.189e-02 1.556e-01
2.608e+02 3.147e+02 5.387e+01 3.751e+01 1.210e+02 1.627e-01 3.233e-01 6.870e-04 1.620e-01 -1.187e-02 1.561e-01
2.608e+02 3.148e+02 5.397e+01 3.735e+01 1.205e+02 1.632e-01 3.243e-01 6.910e-04 1.625e-01 -1.184e-02 1.565e-01
2.608e+02 3.149e+02 5.408e+01 3.720e+01 1.200e+02 1.637e-01 3.253e-01 6.950e-04 1.630e-01 -1.182e-02 1.570e-01
2.608e+02 3.150e+02 5.418e+01 3.705e+01 1.195e+02 1.642e-01 3.263e-01 6.990e-04 1.635e-01 -1.179e-02 1.574e-01
2.608e+02 3.150e+02 5.428e+01 3.689e+01 1.190e+02 1.647e-01 3.273e-01 7.030e-04 1.640e-01 -1.176e-02 1.579e-01
2.607e+02 3.151e+02 5.439e+01 3.674e+01 1.185e+02 1.652e-01 3.283e-01 7.070e-04 1.645e-01 -1.174e-02 1.583e-01
2.607e+02 3.152e+02 5.449e+01 3.659e+01 1.180e+02 1.657e-01 3.293e-01 7.110e-04 1.650e-01 -1.171e-02 1.588e-01
2.607e+02 3.153e+02 5.459e+01 3.643e+01 1.175e+02 1.662e-01 3.303e-01 7.150e-04 1.655e-01 -1.168e-02 1.592e-01
2.607e+02 3.154e+02 5.469e+01 3.628e+01 1.170e+02 1.667e-01 3.313e-01 7.191e-04 1.660e-01 -1.165e-02 1.597e-01
2.607e+02 3.155e+02 5.480e+01 3.613e+01 1.165e+02 1.673e-01 3.324e-01 7.231e-04 1.665e-01 -1.162e-02 1.601e-01
2.607e+02 3.156e+02 5.490e+01 3.597e+01 1.160e+02 1.678e-01 3.334e-01 7.272e-04 1.671e-01 -1.159e-02 1.606e-01
2.607e+02 3.157e+02 5.500e+01 3.582e+01 1.155e+02 1.683e-01 3.344e-01 7.313e-04 1.676e-01 -1.156e-02 1.610e-01
2.607e+02 3.158e+02 5.510e+01 3.566e+01 1.150e+02 1.688e-01 3.354e-01 7.354e-04 1.681e-01 -1.153e-02 1.615e-01
2.607e+02 3.159e+02 5.521e+01 3.551e+01 1.145e+02 1.693e-01 3.364e-01 7.394e-04 1.686e-01 -1.149e-02 1.620e-01
2.607e+02 3.160e+02 5.531e+01 3.536e+01 1.141e+02 1.699e-01 3.375e-01 7.436e-04 1.691e-01 -1.146e-02 1.624e-01
2.607e+02 3.161e+02 5.541e+01 3.520e+01 1.136e+02 1.704e-01 3.385e-01 7.477e-04 1.696e-01 -1.143e-02 1.629e-01
2.607e+02 3.162e+02 5.551e+01 3.505e+01 1.131e+02 1.709e-01 3.395e-01 7.518e-04 1.701e-01 -1.139e-02 1.633e-01
2.607e+02 3.163e+02 5.561e+01 3.490e+01 1.126e+02 1.714e-01 3.406e-01 7.560e-04 1.707e-01 -1.135e-02 1.638e-01
2.607e+02 3.164e+02 5.571e+01 3.474e+01 1.121e+02 1.720e-01 3.416e-01 7.601e-04 1.712e-01 -1.132e-02 1.643e-01
2.607e+02 3.165e+02 5.582e+01 3.459e+01 1.116e+02 1.725e-01 3.427e-01 7.643e-04 1.717e-01 -1.128e-02 1.647e-01
2.607e+02 3.166e+02 5.592e+01 3.443e+01 1.111e+02 1.730e-01 3.437e-01 7.685e-04 1.722e-01 -1.124e-02 1.652e-01
2.607e+02 3.167e+02 5.602e+01 3.428e+01 1.106e+02 1.735e-01 3.448e-01 7.726e-04 1.728e-01 -1.120e-02 1.657e-01
2.607e+02 3.168e+02 5.612e+01 3.413e+01 1.101e+02 1.741e-01 3.458e-01 7.769e-04 1.733e-01 -1.116e-02 1.662e-01
2.607e+02 3.170e+02 5.622e+01 3.397e+01 1.096e+02 1.746e-01 3.469e-01 7.811e-04 1.738e-01 -1.112e-02 1.666e-01
2.607e+02 3.171e+02 5.632e+01 3.382e+01 1.091e+02 1.751e-01 3.479e-01 7.853e-04 1.744e-01 -1.108e-02 1.671e-01
2.608e+02 3.172e+02 5.642e+01 3.367e+01 1.086e+02 1.757e-01 3.490e-01 7.895e-04 1.749e-01 -1.104e-02 1.676e-01
2.608e+02 3.173e+02 5.653e+01 3.351e+01 1.081e+02 1.762e-01 3.501e-01 7.938e-04 1.754e-01 -1.100e-02 1.681e-01
2.608e+02 3.174e+02 5.663e+01 3.336e+01 1.076e+02 1.768e-01 3.511e-01 7.980e-04 1.760e-01 -1.095e-02 1.685e-01
2.608e+02 3.175e+02 5.673e+01 3.321e+01 1.071e+02 1.773e-01 3.522e-01 8.023e-04 1.765e-01 -1.091e-02 1.690e-01
2.608e+02 3.176e+02 5.683e+01 3.305e+01 1.066e+02 1.778e-01 3.533e-01 8.066e-04 1.770e-01 -1.086e-02 1.695e-01
2.608e+02 3.178e+02 5.693e+01 3.290e+01 1.061e+02 1.784e-01 3.544e-01 8.109e-04 1.776e-01 -1.082e-02 1.700e-01
2.609e+02 3.179e+02 5.703e+01 3.274e+01 1.056e+02 1.789e-01 3.554e-01 8.152e-04 1.781e-01 -1.077e-02 1.705e-01
2.609e+02 3.180e+02 5.713e+01 3.259e+01 1.051e+02 1.795e-01 3.565e-01 8.196e-04 1.787e-01 -1.072e-02 1.710e-01
2.609e+02 3.181e+02 5.723e+01 3.244e+01 1.046e+02 1.800e-01 3.576e-01 8.239e-04 1.792e-01 -1.067e-02 1.715e-01
2.609e+02 3.183e+02 5.733e+01 3.228e+01 1.041e+02 1.806e-01 3.587e-01 8.283e-04 1.798e-01 -1.062e-02 1.720e-01
2.610e+02 3.184e+02 5.743e+01 3.213e+01 1.036e+02 1.812e-01 3.598e-01 8.326e-04 1.803e-01 -1.057e-02 1.725e-01
2.610e+02 3.185e+02 5.753e+01 3.198e+01 1.031e+02 1.817e-01 3.609e-01 8.370e-04 1.809e-01 -1.052e-02 1.730e-01
2.610e+02 3.187e+02 5.763e+01 3.182e+01 1.027e+02 1.823e-01 3.620e-01 8.414e-04 1.814e-01 -1.046e-02 1.735e-01
2.611e+02 3.188e+02 5.773e+01 3.167e+01 1.022e+02 1.828e-01 3.631e-01 8.458e-04 1.820e-01 -1.041e-02 1.740e-01
2.611e+02 3.189e+02 5.783e+01 3.151e+01 1.017e+02 1.834e-01 3.643e-01 8.502e-04 1.826e-01 -1.036e-02 1.745e-01
2.611e+02 3.191e+02 5.794e+01 3.136e+01 1.012e+02 1.840e-01 3.654e-01 8.547e-04 1.831e-01 -1.030e-02 1.750e-01
2.612e+02 3.192e+02 5.804e+01 3.121e+01 1.007e+02 1.845e-01 3.665e-01 8.591e-04 1.837e-01 -1.024e-02 1.755e-01
2.612e+02 3.193e+02 5.814e+01 3.105e+01 1.002e+02 1.851e-01 3.676e-01 8.636e-04 1.842e-01 -1.018e-02 1.760e-01
2.612e+02 3.195e+02 5.824e+01 3.090e+01 9.968e+01 1.857e-01 3.688e-01 8.681e-04 1.848e-01 -1.012e-02 1.765e-01
2.613e+02 3.196e+02 5.834e+01 3.075e+01 9.918e+01 1.863e-01 3.699e-01 8.726e-04 1.854e-01 -1.006e-02 1.770e-01
2.613e+02 3.198e+02 5.844e+01 3.059e+01 9.868e+01 1.868e-01 3.711e-01 8.771e-04 1.860e-01 -1.000e-02 1.775e-01
2.614e+02 3.199e+02 5.854e+01 3.044e+01 9.819e+01 1.874e-01 3.722e-01 8.816e-04 1.865e-01 -9.938e-03 1.780e-01
2.614e+02 3.201e+02 5.864e+01 3.028e+01 9.769e+01 1.880e-01 3.734e-01 8.862e-04 1.871e-01 -9.874e-03 1.786e-01
2.615e+02 3.202e+02 5.874e+01 3.013e+01 9.720e+01 1.886e-01 3.745e-01 8.907e-04 1.877e-01 -9.808e-03 1.791e-01
2.615e+02 3.204e+02 5.884e+01 2.998e+01 9.670e+01 1.892e-01 3.757e-01 8.953e-04 1.883e-01 -9.742e-03 1.796e-01
2.616e+02 3.205e+02 5.894e+01 2.982e+01 9.621e+01 1.898e-01 3.769e-01 8.999e-04 1.889e-01 -9.674e-03 1.802e-01
2.616e+02 3.207e+02 5.904e+01 2.967e+01 9.571e+01 1.904e-01 3.780e-01 9.045e-04 1.895e-01 -9.605e-03 1.807e-01
2.617e+02 3.208e+02 5.914e+01 2.952e+01 9.521e+01 1.910e-01 3.792e-01 9.091e-04 1.901e-01 -9.535e-03 1.812e-01
2.617e+02 3.210e+02 5.924e+01 2.936e+01 9.472e+01 1.916e-01 3.804e-01 9.138e-04 1.907e-01 -9.463e-03 1.818e-01
2.618e+02 3.211e+02 5.934e+01 2.921e+01 9.422e+01 1.922e-01 3.816e-01 9.185e-04 1.913e-01 -9.390e-03 1.823e-01
2.619e+02 3.213e+02 5.944e+01 2.906e+01 9.373e+01 1.928e-01 3.828e-01 9.231e-04 1.919e-01 -9.315e-03 1.829e-01
2.619e+02 3.215e+02 5.954e+01 2.890e+01 9.323e+01 1.934e-01 3.840e-01 9.278e-04 1.925e-01 -9.240e-03 1.834e-01
2.620e+02 3.216e+02 5.964e+01 2.875e+01 9.274e+01 1.940e-01 3.852e-01 9.326e-04 1.931e-01 -9.163e-03 1.840e-01
2.621e+02 3.218e+02 5.975e+01 2.859e+01 9.224e+01 1.946e-01 3.865e-01 9.373e-04 1.937e-01 -9.084e-03 1.845e-01
2.621e+02 3.220e+02 5.985e+01 2.844e+01 9.174e+01 1.953e-01 3.877e-01 9.421e-04 1.943e-01 -9.004e-03 1.851e-01
2.622e+02 3.222e+02 5.995e+01 2.829e+01 9.125e+01 1.959e-01 3.889e-01 9.468e-04 1.949e-01 -8.922e-03 1.856e-01
2.623e+02 3.223e+02 6.005e+01 2.813e+01 9.075e+01 1.965e-01 3.902e-01 9.516e-04 1.956e-01 -8.839e-03 1.862e-01
2.624e+02 3.225e+02 6.015e+01 2.798e+01 9.026e+01 1.971e-01 3.914e-01 9.564e-04 1.962e-01 -8.755e-03 1.868e-01
2.624e+02 3.227e+02 6.025e+01 2.783e+01 8.976e+01 1.978e-01 3.927e-01 9.613e-04 1.968e-01 -8.669e-03 1.873e-01
2.625e+02 3.229e+02 6.035e+01 2.767e+01 8.927e+01 1.984e-01 3.939e-01 9.661e-04 1.975e-01 -8.581e-03 1.879e-01
2.626e+02 3.231e+02 6.045e+01 2.752e+01 8.877e+01 1.991e-01 3.952e-01 9.710e-04 1.981e-01 -8.492e-03 1.885e-01
2.627e+02 3.232e+02 6.055e+01 2.736e+01 8.827e+01 1.997e-01 3.965e-01 9.759e-04 1.987e-01 -8.401e-03 1.891e-01
2.628e+02 3.234e+02 6.066e+01 2.721e+01 8.778e+01 2.004e-01 3.978e-01 9.808e-04 1.994e-01 -8.308e-03 1.897e-01
2.629e+02 3.236e+02 6.076e+01 2.706e+01 8.728e+01 2.010e-01 3.991e-01 9.858e-04 2.000e-01 -8.214e-03 1.903e-01
2.630e+02 3.238e+02 6.086e+01 2.690e+01 8.679e+01 2.017e-01 4.004e-01 9.908e-04 2.007e-01 -8.118e-03 1.909e-01
2.630e+02 3.240e+02 6.096e+01 2.675e+01 8.629e+01 2.023e-01 4.017e-01 9.958e-04 2.013e-01 -8.020e-03 1.915e-01
2.631e+02 3.242e+02 6.106e+01 2.660e+01 8.579e+01 2.030e-01 4.030e-01 1.001e-03 2.020e-01 -7.921e-03 1.921e-01
2.632e+02 3.244e+02 6.117e+01 2.644e+01 8.530e+01 2.037e-01 4.044e-01 1.006e-03 2.027e-01 -7.819e-03 1.927e-01
2.633e+02 3.246e+02 6.127e+01 2.629e+01 8.480e+01 2.044e-01 4.057e-01 1.011e-03 2.034e-01 -7.716e-03 1.933e-01
2.634e+02 3.248e+02 6.137e+01 2.614e+01 8.431e+01 2.050e-01 4.070e-01 1.016e-03 2.040e-01 -7.611e-03 1.939e-01
2.636e+02 3.250e+02 6.147e+01 2.598e+01 8.381e+01 2.057e-01 4.084e-01 1.021e-03 2.047e-01 -7.504e-03 1.945e-01
2.637e+02 3.252e+02 6.158e+01 2.583e+01 8.332e+01 2.064e-01 4.098e-01 1.026e-03 2.054e-01 -7.395e-03 1.952e-01
2.638e+02 3.255e+02 6.168e+01 2.567e+01 8.282e+01 2.071e-01 4.112e-01 1.031e-03 2.061e-01 -7.283e-03 1.958e-01
2.639e+02 3.257e+02 6.178e+01 2.552e+01 8.232e+01 2.078e-01 4.125e-01 1.037e-03 2.068e-01 -7.170e-03 1.964e-01
2.640e+02 3.259e+02 6.189e+01 2.537e+01 8.183e+01 2.085e-01 4.140e-01 1.042e-03 2.075e-01 -7.055e-03 1.971e-01
2.641e+02 3.261e+02 6.199e+01 2.521e+01 8.133e+01 2.093e-01 4.154e-01 1.047e-03 2.082e-01 -6.937e-03 1.977e-01
2.642e+02 3.263e+02 6.210e+01 2.506e+01 8.084e+01 2.100e-01 4.168e-01 1.052e-03 2.089e-01 -6.818e-03 1.984e-01
2.644e+02 3.266e+02 6.220e+01 2.491e+01 8.034e+01 2.107e-01 4.182e-01 1.058e-03 2.096e-01 -6.696e-03 1.990e-01
2.645e+02 3.268e+02 6.231e+01 2.475e+01 7.985e+01 2.114e-01 4.197e-01 1.063e-03 2.104e-01 -6.572e-03 1.997e-01
2.646e+02 3.270e+02 6.241e+01 2.460e+01 7.935e+01 2.122e-01 4.211e-01 1.068e-03 2.111e-01 -6.445e-03 2.004e-01
2.648e+02 3.273e+02 6.252e+01 2.444e+01 7.885e+01 2.129e-01 4.226e-01 1.074e-03 2.118e-01 -6.316e-03 2.011e-01
2.649e+02 3.275e+02 6.262e+01 2.429e+01 7.836e+01 2.137e-01 4.241e-01 1.079e-03 2.126e-01 -6.185e-03 2.017e-01
2.650e+02 3.278e+02 6.273e+01 2.414e+01 7.786e+01 2.144e-01 4.256e-01 1.085e-03 2.133e-01 -6.051e-03 2.024e-01
2.652e+02 3.280e+02 6.283e+01 2.398e+01 7.737e+01 2.152e-01 4.271e-01 1.090e-03 2.141e-01 -5.915e-03 2.031e-01
2.653e+02 3.283e+02 6.294e+01 2.383e+01 7.687e+01 2.159e-01 4.286e-01 1.096e-03 2.149e-01 -5.776e-03 2.038e-01
2.655e+02 3.285e+02 6.305e+01 2.368e+01 7.637e+01 2.167e-01 4.301e-01 1.101e-03 2.156e-01 -5.635e-03 2.045e-01
2.656e+02 3.288e+02 6.315e+01 2.352e+01 7.588e+01 2.175e-01 4.317e-01 1.107e-03 2.164e-01 -5.491e-03 2.053e-01
2.658e+02 3.290e+02 6.326e+01 2.337e+01 7.538e+01 2.183e-01 4.333e-01 1.113e-03 2.172e-01 -5.344e-03 2.060e-01
2.659e+02 3.293e+02 6.337e+01 2.322e+01 7.489e+01 2.191e-01 4.348e-01 1.118e-03 2.180e-01 -5.194e-03 2.067e-01
2.661e+02 3.296e+02 6.348e+01 2.306e+01 7.439e+01 2.199e-01 4.364e-01 1.124e-03 2.188e-01 -5.041e-03 2.075e-01
2.663e+02 3.298e+02 6.358e+01 2.291e+01 7.390e+01 2.207e-01 4.380e-01 1.130e-03 2.196e-01 -4.886e-03 2.082e-01
2.664e+02 3.301e+02 6.369e+01 2.275e+01 7.340e+01 2.215e-01 4.397e-01 1.136e-03 2.204e-01 -4.727e-03 2.090e-01
2.666e+02 3.304e+02 6.380e+01 2.260e+01 7.290e+01 2.224e-01 4.413e-01 1.142e-03 2.212e-01 -4.566e-03 2.097e-01
2.668e+02 3.307e+02 6.391e+01 2.245e+01 7.241e+01 2.232e-01 4.430e-01 1.147e-03 2.221e-01 -4.401e-03 2.105e-01
2.670e+02 3.310e+02 6.402e+01 2.229e+01 7.191e+01 2.241e-01 4.446e-01 1.153e-03 2.229e-01 -4.233e-03 2.113e-01
2.671e+02 3.313e+02 6.413e+01 2.214e+01 7.142e+01 2.249e-01 4.463e-01 1.159e-03 2.238e-01 -4.062e-03 2.121e-01
2.673e+02 3.316e+02 6.425e+01 2.199e+01 7.092e+01 2.258e-01 4.481e-01 1.165e-03 2.246e-01 -3.887e-03 2.129e-01
2.675e+02 3.319e+02 6.436e+01 2.183e+01 7.043e+01 2.266e-01 4.498e-01 1.172e-03 2.255e-01 -3.709e-03 2.137e-01
2.677e+02 3.322e+02 6.447e+01 2.168e+01 6.993e+01 2.275e-01 4.515e-01 1.178e-03 2.264e-01 -3.528e-03 2.145e-01
2.679e+02 3.325e+02 6.458e+01 2.152e+01 6.943e+01 2.284e-01 4.533e-01 1.184e-03 2.272e-01 -3.342e-03 2.153e-01
2.681e+02 3.328e+02 6.470e+01 2.137e+01 6.894e+01 2.293e-01 4.551e-01 1.190e-03 2.281e-01 -3.154e-03 2.162e-01
2.683e+02 3.331e+02 6.481e+01 2.122e+01 6.844e+01 2.302e-01 4.569e-01 1.196e-03 2.290e-01 -2.961e-03 2.170e-01
2.685e+02 3.334e+02 6.492e+01 2.106e+01 6.795e+01 2.312e-01 4.587e-01 1.203e-03 2.300e-01 -2.764e-03 2.179e-01
2.687e+02 3.338e+02 6.504e+01 2.091e+01 6.745e+01 2.321e-01 4.606e-01 1.209e-03 2.309e-01 -2.564e-03 2.187e-01
2.689e+02 3.341e+02 6.515e+01 2.076e+01 6.696e+01 2.330e-01 4.624e-01 1.216e-03 2.318e-01 -2.359e-03 2.196e-01
2.692e+02 3.344e+02 6.527e+01 2.060e+01 6.646e+01 2.340e-01 4.643e-01 1.222e-03 2.328e-01 -2.151e-03 2.205e-01
2.694e+02 3.348e+02 6.539e+01 2.045e+01 6.596e+01 2.350e-01 4.663e-01 1.229e-03 2.337e-01 -1.938e-03 2.214e-01
2.696e+02 3.351e+02 6.551e+01 2.030e+01 6.547e+01 2.359e-01 4.682e-01 1.235e-03 2.347e-01 -1.720e-03 2.223e-01
2.699e+02 3.355e+02 6.562e+01 2.014e+01 6.497e+01 2.369e-01 4.702e-01 1.242e-03 2.357e-01 -1.499e-03 2.232e-01
2.701e+02 3.358e+02 6.574e+01 1.999e+01 6.448e+01 2.379e-01 4.721e-01 1.249e-03 2.367e-01 -1.272e-03 2.242e-01
2.703e+02 3.362e+02 6.586e+01 1.983e+01 6.398e+01 2.390e-01 4.742e-01 1.256e-03 2.377e-01 -1.041e-03 2.251e-01
2.706e+02 3.366e+02 6.598e+01 1.968e+01 6.348e+01 2.400e-01 4.762e-01 1.263e-03 2.387e-01 -8.049e-04 2.261e-01
2.708e+02 3.370e+02 6.611e+01 1.953e+01 6.299e+01 2.410e-01 4.783e-01 1.270e-03 2.398e-01 -5.638e-04 2.271e-01
2.711e+02 3.373e+02 6.623e+01 1.937e+01 6.249e+01 2.421e-01 4.804e-01 1.277e-03 2.408e-01 -3.177e-04 2.281e-01
2.714e+02 3.377e+02 6.635e+01 1.922e+01 6.200e+01 2.432e-01 4.825e-01 1.284e-03 2.419e-01 -6.630e-05 2.291e-01
2.716e+02 3.381e+02 6.648e+01 1.907e+01 6.150e+01 2.443e-01 4.846e-01 1.291e-03 2.430e-01 1.905e-04 2.301e-01
2.719e+02 3.385e+02 6.660e+01 1.891e+01 6.101e+01 2.454e-01 4.868e-01 1.298e-03 2.441e-01 4.528e-04 2.312e-01
2.722e+02 3.389e+02 6.673e+01 1.876e+01 6.051e+01 2.465e-01 4.890e-01 1.306e-03 2.452e-01 7.208e-04 2.322e-01
2.725e+02 3.393e+02 6.685e+01 1.860e+01 6.001e+01 2.476e-01 4.913e-01 1.313e-03 2.463e-01 9.947e-04 2.333e-01
2.728e+02 3.398e+02 6.698e+01 1.845e+01 5.952e+01 2.488e-01 4.936e-01 1.321e-03 2.474e-01 1.275e-03 2.344e-01
2.731e+02 3.402e+02 6.711e+01 1.830e+01 5.902e+01 2.499e-01 4.959e-01 1.328e-03 2.486e-01 1.561e-03 2.355e-01
2.734e+02 3.406e+02 6.724e+01 1.814e+01 5.853e+01 2.511e-01 4.982e-01 1.336e-03 2.498e-01 1.853e-03 2.366e-01
2.737e+02 3.411e+02 6.737e+01 1.799e+01 5.803e+01 2.523e-01 5.006e-01 1.344e-03 2.510e-01 2.152e-03 2.377e-01
2.740e+02 3.415e+02 6.750e+01 1.784e+01 5.754e+01 2.535e-01 5.030e-01 1.352e-03 2.522e-01 2.458e-03 2.389e-01
2.743e+02 3.420e+02 6.764e+01 1.768e+01 5.704e+01 2.548e-01 5.055e-01 1.360e-03 2.534e-01 2.771e-03 2.401e-01
2.747e+02 3.424e+02 6.777e+01 1.753e+01 5.654e+01 2.561e-01 5.080e-01 1.368e-03 2.547e-01 3.090e-03 2.413e-01
2.750e+02 3.429e+02 6.791e+01 1.737e+01 5.605e+01 2.573e-01 5.105e-01 1.376e-03 2.560e-01 3.418e-03 2.425e-01
2.753e+02 3.434e+02 6.804e+01 1.722e+01 5.555e+01 2.586e-01 5.131e-01 1.385e-03 2.572e-01 3.752e-03 2.438e-01
2.757e+02 3.439e+02 6.818e+01 1.707e+01 5.506e+01 2.600e-01 5.157e-01 1.393e-03 2.586e-01 4.095e-03 2.450e-01
2.761e+02 3.444e+02 6.832e+01 1.691e+01 5.456e+01 2.613e-01 5.184e-01 1.402e-03 2.599e-01 4.446e-03 2.463e-01
2.764e+02 3.449e+02 6.846e+01 1.676e+01 5.406e+01 2.627e-01 5.211e-01 1.411e-03 2.613e-01 4.805e-03 2.476e-01
2.768e+02 3.454e+02 6.861e+01 1.661e+01 5.357e+01 2.641e-01 5.239e-01 1.419e-03 2.626e-01 5.172e-03 2.490e-01
2.772e+02 3.459e+02 6.875e+01 1.645e+01 5.307e+01 2.655e-01 5.267e-01 1.428e-03 2.641e-01 5.549e-03 2.503e-01
2.776e+02 3.465e+02 6.890e+01 1.630e+01 5.258e+01 2.669e-01 5.295e-01 1.437e-03 2.655e-01 5.934e-03 2.517e-01
2.780e+02 3.470e+02 6.904e+01 1.615e+01 5.208e+01 2.684e-01 5.324e-01 1.447e-03 2.669e-01 6.329e-03 2.531e-01
2.784e+02 3.476e+02 6.919e+01 1.599e+01 5.159e+01 2.699e-01 5.354e-01 1.456e-03 2.684e-01 6.734e-03 2.546e-01
2.788e+02 3.481e+02 6.934e+01 1.584e+01 5.109e+01 2.714e-01 5.384e-01 1.466e-03 2.699e-01 7.149e-03 2.560e-01
2.792e+02 3.487e+02 6.950e+01 1.568e+01 5.059e+01 2.730e-01 5.415e-01 1.475e-03 2.715e-01 7.574e-03 2.575e-01
2.796e+02 3.493e+02 6.965e+01 1.553e+01 5.010e+01 2.745e-01 5.446e-01 1.485e-03 2.731e-01 8.010e-03 2.591e-01
2.801e+02 3.499e+02 6.981e+01 1.538e+01 4.960e+01 2.762e-01 5.478e-01 1.495e-03 2.747e-01 8.457e-03 2.607e-01
2.805e+02 3.505e+02 6.997e+01 1.522e+01 4.911e+01 2.778e-01 5.511e-01 1.505e-03 2.763e-01 8.915e-03 2.623e-01
2.810e+02 3.511e+02 7.013e+01 1.507e+01 4.861e+01 2.795e-01 5.544e-01 1.516e-03 2.780e-01 9.386e-03 2.639e-01
2.814e+02 3.517e+02 7.029e+01 1.492e+01 4.812e+01 2.812e-01 5.578e-01 1.526e-03 2.796e-01 9.869e-03 2.656e-01
2.819e+02 3.524e+02 7.045e+01 1.476e+01 4.762e+01 2.829e-01 5.612e-01 1.537e-03 2.814e-01 1.036e-02 2.673e-01
2.824e+02 3.530e+02 7.062e+01 1.461e+01 4.712e+01 2.847e-01 5.648e-01 1.548e-03 2.832e-01 1.087e-02 2.690e-01
2.829e+02 3.537e+02 7.079e+01 1.445e+01 4.663e+01 2.865e-01 5.684e-01 1.559e-03 2.850e-01 1.140e-02 2.708e-01
2.834e+02 3.544e+02 7.096e+01 1.430e+01 4.613e+01 2.884e-01 5.720e-01 1.570e-03 2.868e-01 1.193e-02 2.726e-01
2.839e+02 3.551e+02 7.113e+01 1.415e+01 4.564e+01 2.903e-01 5.758e-01 1.582e-03 2.887e-01 1.248e-02 2.745e-01
2.845e+02 3.558e+02 7.131e+01 1.399e+01 4.514e+01 2.922e-01 5.796e-01 1.594e-03 2.906e-01 1.305e-02 2.764e-01
2.850e+02 3.565e+02 7.149e+01 1.384e+01 4.465e+01 2.942e-01 5.836e-01 1.606e-03 2.926e-01 1.363e-02 2.784e-01
2.856e+02 3.573e+02 7.167e+01 1.369e+01 4.415e+01 2.962e-01 5.876e-01 1.618e-03 2.946e-01 1.423e-02 2.804e-01
2.862e+02 3.580e+02 7.185e+01 1.353e+01 4.365e+01 2.983e-01 5.917e-01 1.631e-03 2.967e-01 1.485e-02 2.825e-01
2.867e+02 3.588e+02 7.204e+01 1.338e+01 4.316e+01 3.004e-01 5.959e-01 1.643e-03 2.988e-01 1.549e-02 2.846e-01
2.873e+02 3.596e+02 7.223e+01 1.323e+01 4.266e+01 3.026e-01 6.002e-01 1.656e-03 3.009e-01 1.614e-02 2.867e-01
2.880e+02 3.604e+02 7.243e+01 1.307e+01 4.217e+01 3.048e-01 6.046e-01 1.670e-03 3.031e-01 1.681e-02 2.890e-01
2.886e+02 3.612e+02 7.262e+01 1.292e+01 4.167e+01 3.071e-01 6.091e-01 1.683e-03 3.054e-01 1.750e-02 2.912e-01
2.892e+02 3.621e+02 7.282e+01 1.276e+01 4.117e+01 3.094e-01 6.137e-01 1.697e-03 3.077e-01 1.822e-02 2.936e-01
2.899e+02 3.629e+02 7.303e+01 1.261e+01 4.068e+01 3.118e-01 6.185e-01 1.712e-03 3.101e-01 1.895e-02 2.960e-01
2.906e+02 3.638e+02 7.323e+01 1.246e+01 4.018e+01 3.143e-01 6.233e-01 1.726e-03 3.125e-01 1.971e-02 2.985e-01
2.913e+02 3.647e+02 7.344e+01 1.230e+01 3.969e+01 3.168e-01 6.283e-01 1.741e-03 3.150e-01 2.050e-02 3.010e-01
2.920e+02 3.656e+02 7.366e+01 1.215e+01 3.919e+01 3.194e-01 6.334e-01 1.757e-03 3.176e-01 2.130e-02 3.037e-01
2.927e+02 3.666e+02 7.388e+01 1.200e+01 3.870e+01 3.220e-01 6.387e-01 1.772e-03 3.202e-01 2.214e-02 3.064e-01
2.934e+02 3.675e+02 7.410e+01 1.184e+01 3.820e+01 3.247e-01 6.441e-01 1.788e-03 3.229e-01 2.300e-02 3.091e-01
2.942e+02 3.685e+02 7.433e+01 1.169e+01 3.770e+01 3.275e-01 6.496e-01 1.805e-03 3.257e-01 2.389e-02 3.120e-01
2.950e+02 3.695e+02 7.456e+01 1.153e+01 3.721e+01 3.304e-01 6.553e-01 1.822e-03 3.286e-01 2.481e-02 3.150e-01
2.958e+02 3.706e+02 7.480e+01 1.138e+01 3.671e+01 3.334e-01 6.612e-01 1.839e-03 3.315e-01 2.576e-02 3.180e-01
2.966e+02 3.716e+02 7.504e+01 1.123e+01 3.622e+01 3.364e-01 6.673e-01 1.857e-03 3.346e-01 2.674e-02 3.212e-01
2.974e+02 3.727e+02 7.529e+01 1.107e+01 3.572e+01 3.395e-01 6.735e-01 1.876e-03 3.377e-01 2.776e-02 3.244e-01
2.983e+02 3.739e+02 7.554e+01 1.092e+01 3.523e+01 3.428e-01 6.799e-01 1.894e-03 3.409e-01 2.881e-02 3.278e-01
2.992e+02 3.750e+02 7.579e+01 1.077e+01 3.473e+01 3.461e-01 6.865e-01 1.914e-03 3.442e-01 2.991e-02 3.312e-01
3.001e+02 3.762e+02 7.606e+01 1.061e+01 3.423e+01 3.495e-01 6.933e-01 1.934e-03 3.476e-01 3.104e-02 3.348e-01
3.011e+02 3.774e+02 7.633e+01 1.046e+01 3.374e+01 3.531e-01 7.003e-01 1.954e-03 3.511e-01 3.221e-02 3.385e-01
3.020e+02 3.786e+02 7.660e+01 1.031e+01 3.324e+01 3.567e-01 7.075e-01 1.976e-03 3.548e-01 3.343e-02 3.424e-01
3.030e+02 3.799e+02 7.689e+01 1.015e+01 3.275e+01 3.605e-01 7.150e-01 1.998e-03 3.585e-01 3.469e-02 3.463e-01
3.040e+02 3.812e+02 7.717e+01 9.998e+00 3.225e+01 3.644e-01 7.227e-01 2.020e-03 3.624e-01 3.601e-02 3.505e-01
3.051e+02 3.826e+02 7.747e+01 9.844e+00 3.176e+01 3.684e-01 7.307e-01 2.044e-03 3.664e-01 3.737e-02 3.547e-01
3.062e+02 3.840e+02 7.777e+01 9.690e+00 3.126e+01 3.726e-01 7.390e-01 2.068e-03 3.705e-01 3.879e-02 3.592e-01
3.073e+02 3.854e+02 7.808e+01 9.537e+00 3.076e+01 3.769e-01 7.475e-01 2.093e-03 3.748e-01 4.027e-02 3.638e-01
3.084e+02 3.868e+02 7.840e+01 9.383e+00 3.027e+01 3.814e-01 7.564e-01 2.118e-03 3.793e-01 4.181e-02 3.686e-01
3.096e+02 3.884e+02 7.873e+01 9.229e+00 2.977e+01 3.860e-01 7.656e-01 2.145e-03 3.839e-01 4.342e-02 3.736e-01
3.108e+02 3.899e+02 7.907e+01 9.076e+00 2.928e+01 3.908e-01 7.751e-01 2.173e-03 3.886e-01 4.509e-02 3.788e-01
3.121e+02 3.915e+02 7.941e+01 8.922e+00 2.878e+01 3.958e-01 7.850e-01 2.201e-03 3.936e-01 4.684e-02 3.842e-01
3.134e+02 3.932e+02 7.977e+01 8.768e+00 2.828e+01 4.010e-01 7.953e-01 2.231e-03 3.988e-01 4.867e-02 3.899e-01
3.147e+02 3.949e+02 8.014e+01 8.615e+00 2.779e+01 4.064e-01 8.059e-01 2.262e-03 4.041e-01 5.057e-02 3.958e-01
3.161e+02 3.966e+02 8.051e+01 8.461e+00 2.729e+01 4.120e-01 8.170e-01 2.294e-03 4.097e-01 5.257e-02 4.019e-01
3.176e+02 3.985e+02 8.090e+01 8.307e+00 2.680e+01 4.178e-01 8.286e-01 2.327e-03 4.155e-01 5.466e-02 4.084e-01
3.190e+02 4.003e+02 8.130e+01 8.153e+00 2.630e+01 4.239e-01 8.406e-01 2.362e-03 4.215e-01 5.685e-02 4.151e-01
3.206e+02 4.023e+02 8.171e+01 8.000e+00 2.581e+01 4.302e-01 8.532e-01 2.398e-03 4.278e-01 5.915e-02 4.222e-01
3.222e+02 4.043e+02 8.214e+01 7.846e+00 2.531e+01 4.368e-01 8.663e-01 2.436e-03 4.344e-01 6.157e-02 4.296e-01
3.238e+02 4.064e+02 8.258e+01 7.692e+00 2.481e+01 4.437e-01 8.800e-01 2.475e-03 4.412e-01 6.411e-02 4.374e-01
3.255e+02 4.085e+02 8.304e+01 7.539e+00 2.432e+01 4.509e-01 8.943e-01 2.516e-03 4.484e-01 6.678e-02 4.456e-01
3.273e+02 4.108e+02 8.351e+01 7.385e+00 2.382e+01 4.585e-01 9.093e-01 2.559e-03 4.559e-01 6.959e-02 4.542e-01
3.291e+02 4.131e+02 8.399e+01 7.231e+00 2.333e+01 4.664e-01 9.250e-01 2.604e-03 4.638e-01 7.256e-02 4.632e-01
3.310e+02 4.155e+02 8.450e+01 7.078e+00 2.283e+01 4.747e-01 9.415e-01 2.652e-03 4.721e-01 7.570e-02 4.728e-01
3.329e+02 4.180e+02 8.502e+01 6.924e+00 2.234e+01 4.834e-01 9.588e-01 2.701e-03 4.807e-01 7.901e-02 4.829e-01
3.350e+02 4.206e+02 8.556e+01 6.770e+00 2.184e+01 4.926e-01 9.769e-01 2.753e-03 4.898e-01 8.252e-02 4.936e-01
3.371e+02 4.233e+02 8.613e+01 6.617e+00 2.134e+01 5.023e-01 9.961e-01 2.808e-03 4.994e-01 8.625e-02 5.049e-01
3.394e+02 4.261e+02 8.671e+01 6.463e+00 2.085e+01 5.124e-01 1.016e+00 2.866e-03 5.096e-01 9.020e-02 5.169e-01
3.417e+02 4.290e+02 8.732e+01 6.309e+00 2.035e+01 5.232e-01 1.038e+00 2.926e-03 5.202e-01 9.440e-02 5.297e-01
3.441e+02 4.320e+02 8.795e+01 6.155e+00 1.986e+01 5.345e-01 1.060e+00 2.991e-03 5.315e-01 9.888e-02 5.433e-01
3.466e+02 4.352e+02 8.862e+01 6.002e+00 1.936e+01 5.465e-01 1.084e+00 3.059e-03 5.435e-01 1.037e-01 5.578e-01
3.492e+02 4.385e+02 8.931e+01 5.848e+00 1.886e+01 5.593e-01 1.109e+00 3.131e-03 5.561e-01 1.088e-01 5.732e-01
3.520e+02 4.420e+02 9.003e+01 5.694e+00 1.837e+01 5.728e-01 1.136e+00 3.207e-03 5.696e-01 1.142e-01 5.898e-01
3.549e+02 4.457e+02 9.078e+01 5.541e+00 1.787e+01 5.872e-01 1.164e+00 3.288e-03 5.839e-01 1.201e-01 6.075e-01
3.579e+02 4.495e+02 9.157e+01 5.387e+00 1.738e+01 6.025e-01 1.195e+00 3.375e-03 5.991e-01 1.264e-01 6.266e-01
3.611e+02 4.535e+02 9.240e+01 5.233e+00 1.688e+01 6.189e-01 1.227e+00 3.467e-03 6.154e-01 1.332e-01 6.472e-01
3.644e+02 4.577e+02 9.327e+01 5.080e+00 1.639e+01 6.364e-01 1.262e+00 3.566e-03 6.328e-01 1.406e-01 6.694e-01
3.680e+02 4.621e+02 9.418e+01 4.926e+00 1.589e+01 6.552e-01 1.299e+00 3.672e-03 6.515e-01 1.485e-01 6.934e-01
3.717e+02 4.668e+02 9.514e+01 4.772e+00 1.539e+01 6.754e-01 1.339e+00 3.786e-03 6.716e-01 1.572e-01 7.195e-01
3.756e+02 4.718e+02 9.616e+01 4.619e+00 1.490e+01 6.971e-01 1.382e+00 3.908e-03 6.932e-01 1.666e-01 7.478e-01
3.797e+02 4.770e+02 9.723e+01 4.465e+00 1.440e+01 7.206e-01 1.429e+00 4.041e-03 7.166e-01 1.769e-01 7.788e-01
3.841e+02 4.825e+02 9.837e+01 4.311e+00 1.391e+01 7.460e-01 1.480e+00 4.184e-03 7.419e-01 1.881e-01 8.128e-01
3.888e+02 4.884e+02 9.958e+01 4.158e+00 1.341e+01 7.737e-01 1.534e+00 4.340e-03 7.694e-01 2.005e-01 8.501e-01
3.938e+02 4.946e+02 1.009e+02 4.004e+00 1.292e+01 8.039e-01 1.594e+00 4.509e-03 7.993e-01 2.142e-01 8.913e-01
3.991e+02 5.013e+02 1.022e+02 3.850e+00 1.242e+01 8.368e-01 1.660e+00 4.695e-03 8.321e-01 2.294e-01 9.370e-01
4.047e+02 5.084e+02 1.037e+02 3.696e+00 1.192e+01 8.730e-01 1.731e+00 4.899e-03 8.681e-01 2.463e-01 9.878e-01
4.108e+02 5.160e+02 1.052e+02 3.543e+00 1.143e+01 9.130e-01 1.811e+00 5.123e-03 9.078e-01 2.652e-01 1.045e+00
4.173e+02 5.242e+02 1.069e+02 3.389e+00 1.093e+01 9.572e-01 1.898e+00 5.372e-03 9.518e-01 2.865e-01 1.109e+00
4.243e+02 5.330e+02 1.087e+02 3.235e+00 1.044e+01 1.006e+00 1.996e+00 5.649e-03 1.001e+00 3.105e-01 1.181e+00
4.319e+02 5.426e+02 1.107e+02 3.082e+00 9.941e+00 1.061e+00 2.105e+00 5.958e-03 1.055e+00 3.379e-01 1.263e+00
4.401e+02 5.529e+02 1.128e+02 2.928e+00 9.445e+00 1.123e+00 2.228e+00 6.306e-03 1.117e+00 3.693e-01 1.358e+00
4.491e+02 5.642e+02 1.151e+02 2.774e+00 8.949e+00 1.194e+00 2.367e+00 6.701e-03 1.187e+00 4.056e-01 1.467e+00
4.589e+02 5.765e+02 1.176e+02 2.621e+00 8.454e+00 1.274e+00 2.526e+00 7.151e-03 1.266e+00 4.479e-01 1.593e+00
4.697e+02 5.901e+02 1.204e+02 2.467e+00 7.958e+00 1.366e+00 2.708e+00 7.668e-03 1.358e+00 4.976e-01 1.743e+00
4.816e+02 6.050e+02 1.234e+02 2.313e+00 7.462e+00 1.472e+00 2.920e+00 8.268e-03 1.464e+00 5.567e-01 1.920e+00
4.949e+02 6.217e+02 1.269e+02 2.160e+00 6.966e+00 1.598e+00 3.169e+00 8.972e-03 1.589e+00 6.279e-01 2.134e+00
5.098e+02 6.404e+02 1.307e+02 2.006e+00 6.470e+00 1.746e+00 3.463e+00 9.808e-03 1.737e+00 7.149e-01 2.395e+00
5.266e+02 6.616e+02 1.350e+02 1.852e+00 5.975e+00 1.925e+00 3.818e+00 1.081e-02 1.914e+00 8.227e-01 2.719e+00
5.458e+02 6.857e+02 1.399e+02 1.698e+00 5.479e+00 2.144e+00 4.251e+00 1.204e-02 2.132e+00 9.591e-01 3.128e+00
5.680e+02 7.136e+02 1.456e+02 1.545e+00 4.983e+00 2.416e+00 4.791e+00 1.357e-02 2.402e+00 1.136e+00 3.657e+00
5.939e+02 7.462e+02 1.523e+02 1.391e+00 4.487e+00 2.763e+00 5.478e+00 1.552e-02 2.747e+00 1.370e+00 4.361e+00
6.248e+02 7.850e+02 1.602e+02 1.237e+00 3.992e+00 3.216e+00 6.379e+00 1.807e-02 3.198e+00 1.692e+00 5.328e+00
6.624e+02 8.322e+02 1.698e+02 1.084e+00 3.496e+00 3.832e+00 7.599e+00 2.152e-02 3.810e+00 2.154e+00 6.712e+00
7.092e+02 8.911e+02 1.818e+02 9.300e-01 3.000e+00 4.704e+00 9.330e+00 2.642e-02 4.678e+00 2.851e+00 8.804e+00
