# pipeline=quark_stars
# construction=with_maxwell
# m_sigma_mev=400.000000
# units=chemical potentials and sigma in MeV; densities in fm^-3; pressure and energy density in GeV fm^-3
# B0_mev4=3.138943658406e+08
# B0_gev_fm3=4.085301464549e-02
# B_mev4=1.919841253022e+08
# B_gev_fm3=2.498652775009e-02
# B_1_4_mev=117.710805
# B_min_mev4=1.345975290658e+08
# B_min_gev_fm3=1.751772387328e-02
# B_min_1_4_mev=107.710805
# columns=mu_u_mev mu_d_mev mu_e_mev sigma_mev constituent_mass_mev n_u_fm-3 n_d_fm-3 n_e_fm-3 n_B_fm-3 pressure_gev_fm-3 energy_density_gev_fm-3
3.005e+02 3.011e+02 6.064e-01 9.284e+01 2.995e+02 2.041e-04 4.082e-04 1.529e-10 2.041e-04 -2.499e-02 2.517e-02
3.006e+02 3.015e+02 9.463e-01 9.268e+01 2.990e+02 3.984e-04 7.968e-04 2.221e-09 3.984e-04 -2.499e-02 2.535e-02
3.006e+02 3.018e+02 1.235e+00 9.253e+01 2.985e+02 5.944e-04 1.189e-03 6.245e-09 5.944e-04 -2.499e-02 2.552e-02
3.005e+02 3.020e+02 1.495e+00 9.238e+01 2.980e+02 7.919e-04 1.584e-03 1.219e-08 7.919e-04 -2.499e-02 2.570e-02
3.001e+02 3.025e+02 2.386e+00 9.176e+01 2.960e+02 1.598e-03 3.195e-03 5.567e-08 1.597e-03 -2.499e-02 2.643e-02
3.000e+02 3.026e+02 2.587e+00 9.161e+01 2.955e+02 1.803e-03 3.605e-03 7.168e-08 1.803e-03 -2.499e-02 2.662e-02
2.998e+02 3.026e+02 2.781e+00 9.145e+01 2.950e+02 2.009e-03 4.018e-03 8.983e-08 2.009e-03 -2.499e-02 2.680e-02
2.996e+02 3.026e+02 2.971e+00 9.130e+01 2.945e+02 2.217e-03 4.434e-03 1.102e-07 2.217e-03 -2.499e-02 2.699e-02
2.995e+02 3.026e+02 3.156e+00 9.115e+01 2.940e+02 2.427e-03 4.853e-03 1.328e-07 2.427e-03 -2.499e-02 2.718e-02
2.993e+02 3.026e+02 3.337e+00 9.099e+01 2.935e+02 2.638e-03 5.275e-03 1.576e-07 2.637e-03 -2.499e-02 2.737e-02
2.991e+02 3.026e+02 3.515e+00 9.084e+01 2.930e+02 2.850e-03 5.699e-03 1.848e-07 2.850e-03 -2.499e-02 2.756e-02
2.989e+02 3.026e+02 3.689e+00 9.069e+01 2.925e+02 3.063e-03 6.126e-03 2.144e-07 3.063e-03 -2.499e-02 2.776e-02
2.987e+02 3.026e+02 3.861e+00 9.053e+01 2.920e+02 3.278e-03 6.556e-03 2.465e-07 3.278e-03 -2.499e-02 2.795e-02
2.985e+02 3.026e+02 4.031e+00 9.038e+01 2.915e+02 3.495e-03 6.989e-03 2.810e-07 3.494e-03 -2.499e-02 2.815e-02
2.983e+02 3.025e+02 4.198e+00 9.022e+01 2.910e+02 3.712e-03 7.424e-03 3.181e-07 3.712e-03 -2.499e-02 2.834e-02
2.981e+02 3.025e+02 4.364e+00 9.007e+01 2.906e+02 3.932e-03 7.862e-03 3.577e-07 3.931e-03 -2.499e-02 2.854e-02
2.979e+02 3.025e+02 4.527e+00 8.992e+01 2.901e+02 4.152e-03 8.303e-03 4.000e-07 4.152e-03 -2.499e-02 2.874e-02
2.977e+02 3.024e+02 4.689e+00 8.976e+01 2.896e+02 4.374e-03 8.746e-03 4.450e-07 4.373e-03 -2.499e-02 2.894e-02
2.975e+02 3.024e+02 4.849e+00 8.961e+01 2.891e+02 4.597e-03 9.192e-03 4.928e-07 4.596e-03 -2.499e-02 2.914e-02
2.973e+02 3.023e+02 5.007e+00 8.946e+01 2.886e+02 4.821e-03 9.641e-03 5.433e-07 4.821e-03 -2.500e-02 2.934e-02
2.971e+02 3.022e+02 5.165e+00 8.930e+01 2.881e+02 5.047e-03 1.009e-02 5.967e-07 5.046e-03 -2.500e-02 2.955e-02
2.969e+02 3.022e+02 5.321e+00 8.915e+01 2.876e+02 5.274e-03 1.055e-02 6.530e-07 5.273e-03 -2.500e-02 2.975e-02
2.966e+02 3.021e+02 5.476e+00 8.899e+01 2.871e+02 5.502e-03 1.100e-02 7.123e-07 5.501e-03 -2.500e-02 2.996e-02
2.964e+02 3.021e+02 5.630e+00 8.884e+01 2.866e+02 5.732e-03 1.146e-02 7.746e-07 5.731e-03 -2.500e-02 3.016e-02
2.962e+02 3.020e+02 5.782e+00 8.869e+01 2.861e+02 5.962e-03 1.192e-02 8.399e-07 5.961e-03 -2.501e-02 3.037e-02
2.960e+02 3.019e+02 5.934e+00 8.853e+01 2.856e+02 6.194e-03 1.239e-02 9.084e-07 6.193e-03 -2.501e-02 3.058e-02
2.958e+02 3.018e+02 6.085e+00 8.838e+01 2.851e+02 6.428e-03 1.285e-02 9.801e-07 6.427e-03 -2.501e-02 3.079e-02
2.955e+02 3.018e+02 6.235e+00 8.823e+01 2.846e+02 6.662e-03 1.332e-02 1.055e-06 6.661e-03 -2.501e-02 3.100e-02
2.953e+02 3.017e+02 6.385e+00 8.807e+01 2.841e+02 6.898e-03 1.379e-02 1.133e-06 6.897e-03 -2.502e-02 3.121e-02
2.951e+02 3.016e+02 6.534e+00 8.792e+01 2.836e+02 7.135e-03 1.427e-02 1.215e-06 7.134e-03 -2.502e-02 3.143e-02
2.949e+02 3.015e+02 6.681e+00 8.777e+01 2.831e+02 7.373e-03 1.474e-02 1.300e-06 7.372e-03 -2.502e-02 3.164e-02
2.946e+02 3.015e+02 6.829e+00 8.761e+01 2.826e+02 7.613e-03 1.522e-02 1.388e-06 7.611e-03 -2.502e-02 3.186e-02
2.944e+02 3.014e+02 6.975e+00 8.746e+01 2.821e+02 7.853e-03 1.570e-02 1.480e-06 7.852e-03 -2.503e-02 3.207e-02
2.942e+02 3.013e+02 7.122e+00 8.730e+01 2.816e+02 8.095e-03 1.619e-02 1.575e-06 8.094e-03 -2.503e-02 3.229e-02
2.939e+02 3.012e+02 7.267e+00 8.715e+01 2.811e+02 8.338e-03 1.667e-02 1.674e-06 8.336e-03 -2.503e-02 3.251e-02
2.937e+02 3.011e+02 7.412e+00 8.700e+01 2.806e+02 8.582e-03 1.716e-02 1.777e-06 8.581e-03 -2.504e-02 3.272e-02
2.935e+02 3.010e+02 7.557e+00 8.684e+01 2.801e+02 8.828e-03 1.765e-02 1.884e-06 8.826e-03 -2.504e-02 3.294e-02
2.932e+02 3.009e+02 7.701e+00 8.669e+01 2.796e+02 9.074e-03 1.814e-02 1.994e-06 9.072e-03 -2.504e-02 3.316e-02
2.930e+02 3.009e+02 7.844e+00 8.654e+01 2.791e+02 9.322e-03 1.864e-02 2.108e-06 9.320e-03 -2.505e-02 3.339e-02
2.928e+02 3.008e+02 7.987e+00 8.638e+01 2.787e+02 9.571e-03 1.913e-02 2.226e-06 9.569e-03 -2.505e-02 3.361e-02
2.926e+02 3.007e+02 8.130e+00 8.623e+01 2.782e+02 9.821e-03 1.963e-02 2.348e-06 9.818e-03 -2.506e-02 3.383e-02
2.923e+02 3.006e+02 8.273e+00 8.607e+01 2.777e+02 1.007e-02 2.014e-02 2.474e-06 1.007e-02 -2.506e-02 3.406e-02
2.921e+02 3.005e+02 8.415e+00 8.592e+01 2.772e+02 1.032e-02 2.064e-02 2.604e-06 1.032e-02 -2.506e-02 3.428e-02
2.919e+02 3.004e+02 8.556e+00 8.577e+01 2.767e+02 1.058e-02 2.115e-02 2.739e-06 1.057e-02 -2.507e-02 3.451e-02
2.916e+02 3.003e+02 8.697e+00 8.561e+01 2.762e+02 1.083e-02 2.166e-02 2.877e-06 1.083e-02 -2.507e-02 3.473e-02
2.914e+02 3.002e+02 8.838e+00 8.546e+01 2.757e+02 1.109e-02 2.217e-02 3.020e-06 1.108e-02 -2.508e-02 3.496e-02
2.912e+02 3.001e+02 8.979e+00 8.531e+01 2.752e+02 1.134e-02 2.268e-02 3.167e-06 1.134e-02 -2.508e-02 3.519e-02
2.909e+02 3.000e+02 9.120e+00 8.515e+01 2.747e+02 1.160e-02 2.319e-02 3.318e-06 1.160e-02 -2.509e-02 3.542e-02
2.907e+02 2.999e+02 9.260e+00 8.500e+01 2.742e+02 1.186e-02 2.371e-02 3.474e-06 1.186e-02 -2.509e-02 3.565e-02
2.905e+02 2.999e+02 9.400e+00 8.485e+01 2.737e+02 1.212e-02 2.423e-02 3.634e-06 1.212e-02 -2.510e-02 3.588e-02
2.902e+02 2.998e+02 9.539e+00 8.469e+01 2.732e+02 1.238e-02 2.475e-02 3.799e-06 1.238e-02 -2.510e-02 3.611e-02
2.900e+02 2.997e+02 9.679e+00 8.454e+01 2.727e+02 1.264e-02 2.528e-02 3.969e-06 1.264e-02 -2.511e-02 3.635e-02
2.897e+02 2.996e+02 9.818e+00 8.438e+01 2.722e+02 1.291e-02 2.580e-02 4.143e-06 1.290e-02 -2.511e-02 3.658e-02
2.895e+02 2.995e+02 9.957e+00 8.423e+01 2.717e+02 1.317e-02 2.633e-02 4.321e-06 1.317e-02 -2.512e-02 3.682e-02
2.893e+02 2.994e+02 1.010e+01 8.408e+01 2.712e+02 1.344e-02 2.686e-02 4.505e-06 1.343e-02 -2.512e-02 3.705e-02
2.890e+02 2.993e+02 1.023e+01 8.392e+01 2.707e+02 1.370e-02 2.739e-02 4.693e-06 1.370e-02 -2.513e-02 3.729e-02
2.888e+02 2.992e+02 1.037e+01 8.377e+01 2.702e+02 1.397e-02 2.793e-02 4.887e-06 1.397e-02 -2.514e-02 3.753e-02
2.886e+02 2.991e+02 1.051e+01 8.362e+01 2.697e+02 1.424e-02 2.846e-02 5.085e-06 1.423e-02 -2.514e-02 3.776e-02
2.883e+02 2.990e+02 1.065e+01 8.346e+01 2.692e+02 1.451e-02 2.900e-02 5.288e-06 1.450e-02 -2.515e-02 3.800e-02
2.881e+02 2.989e+02 1.079e+01 8.331e+01 2.687e+02 1.478e-02 2.954e-02 5.497e-06 1.477e-02 -2.515e-02 3.824e-02
2.879e+02 2.988e+02 1.092e+01 8.315e+01 2.682e+02 1.505e-02 3.008e-02 5.710e-06 1.504e-02 -2.516e-02 3.848e-02
2.876e+02 2.987e+02 1.106e+01 8.300e+01 2.677e+02 1.532e-02 3.063e-02 5.929e-06 1.532e-02 -2.517e-02 3.872e-02
2.874e+02 2.986e+02 1.120e+01 8.285e+01 2.672e+02 1.560e-02 3.117e-02 6.153e-06 1.559e-02 -2.517e-02 3.896e-02
2.872e+02 2.985e+02 1.134e+01 8.269e+01 2.668e+02 1.587e-02 3.172e-02 6.382e-06 1.586e-02 -2.518e-02 3.921e-02
2.869e+02 2.984e+02 1.147e+01 8.254e+01 2.663e+02 1.615e-02 3.227e-02 6.617e-06 1.614e-02 -2.519e-02 3.945e-02
2.867e+02 2.983e+02 1.161e+01 8.239e+01 2.658e+02 1.642e-02 3.282e-02 6.857e-06 1.642e-02 -2.519e-02 3.969e-02
2.865e+02 2.982e+02 1.175e+01 8.223e+01 2.653e+02 1.670e-02 3.338e-02 7.102e-06 1.669e-02 -2.520e-02 3.994e-02
2.862e+02 2.981e+02 1.188e+01 8.208e+01 2.648e+02 1.698e-02 3.393e-02 7.353e-06 1.697e-02 -2.521e-02 4.018e-02
2.860e+02 2.980e+02 1.202e+01 8.192e+01 2.643e+02 1.726e-02 3.449e-02 7.610e-06 1.725e-02 -2.521e-02 4.043e-02
2.858e+02 2.979e+02 1.215e+01 8.177e+01 2.638e+02 1.754e-02 3.505e-02 7.872e-06 1.753e-02 -2.522e-02 4.068e-02
2.856e+02 2.978e+02 1.229e+01 8.162e+01 2.633e+02 1.782e-02 3.561e-02 8.140e-06 1.781e-02 -2.523e-02 4.092e-02
2.853e+02 2.977e+02 1.243e+01 8.146e+01 2.628e+02 1.810e-02 3.618e-02 8.414e-06 1.809e-02 -2.524e-02 4.117e-02
2.851e+02 2.977e+02 1.256e+01 8.131e+01 2.623e+02 1.838e-02 3.674e-02 8.694e-06 1.837e-02 -2.524e-02 4.142e-02
2.849e+02 2.976e+02 1.270e+01 8.116e+01 2.618e+02 1.867e-02 3.731e-02 8.980e-06 1.866e-02 -2.525e-02 4.167e-02
2.846e+02 2.975e+02 1.283e+01 8.100e+01 2.613e+02 1.895e-02 3.788e-02 9.271e-06 1.894e-02 -2.526e-02 4.192e-02
2.844e+02 2.974e+02 1.297e+01 8.085e+01 2.608e+02 1.924e-02 3.845e-02 9.569e-06 1.923e-02 -2.527e-02 4.217e-02
2.842e+02 2.973e+02 1.311e+01 8.070e+01 2.603e+02 1.952e-02 3.902e-02 9.872e-06 1.951e-02 -2.528e-02 4.242e-02
2.839e+02 2.972e+02 1.324e+01 8.054e+01 2.598e+02 1.981e-02 3.959e-02 1.018e-05 1.980e-02 -2.528e-02 4.268e-02
2.837e+02 2.971e+02 1.338e+01 8.039e+01 2.593e+02 2.010e-02 4.017e-02 1.050e-05 2.009e-02 -2.529e-02 4.293e-02
2.835e+02 2.970e+02 1.351e+01 8.023e+01 2.588e+02 2.039e-02 4.075e-02 1.082e-05 2.038e-02 -2.530e-02 4.318e-02
2.832e+02 2.969e+02 1.365e+01 8.008e+01 2.583e+02 2.068e-02 4.133e-02 1.115e-05 2.067e-02 -2.531e-02 4.344e-02
2.830e+02 2.968e+02 1.378e+01 7.993e+01 2.578e+02 2.097e-02 4.191e-02 1.148e-05 2.096e-02 -2.532e-02 4.369e-02
2.828e+02 2.967e+02 1.392e+01 7.977e+01 2.573e+02 2.126e-02 4.249e-02 1.182e-05 2.125e-02 -2.533e-02 4.395e-02
2.826e+02 2.966e+02 1.405e+01 7.962e+01 2.568e+02 2.156e-02 4.308e-02 1.217e-05 2.154e-02 -2.534e-02 4.420e-02
2.823e+02 2.965e+02 1.419e+01 7.947e+01 2.563e+02 2.185e-02 4.366e-02 1.253e-05 2.184e-02 -2.535e-02 4.446e-02
2.821e+02 2.964e+02 1.432e+01 7.931e+01 2.558e+02 2.214e-02 4.425e-02 1.289e-05 2.213e-02 -2.535e-02 4.472e-02
2.819e+02 2.963e+02 1.446e+01 7.916e+01 2.554e+02 2.244e-02 4.484e-02 1.326e-05 2.243e-02 -2.536e-02 4.498e-02
2.817e+02 2.962e+02 1.459e+01 7.900e+01 2.549e+02 2.274e-02 4.543e-02 1.363e-05 2.272e-02 -2.537e-02 4.524e-02
2.814e+02 2.962e+02 1.473e+01 7.885e+01 2.544e+02 2.303e-02 4.602e-02 1.401e-05 2.302e-02 -2.538e-02 4.549e-02
2.812e+02 2.961e+02 1.486e+01 7.870e+01 2.539e+02 2.333e-02 4.662e-02 1.440e-05 2.332e-02 -2.539e-02 4.575e-02
2.810e+02 2.960e+02 1.499e+01 7.854e+01 2.534e+02 2.363e-02 4.721e-02 1.479e-05 2.361e-02 -2.540e-02 4.602e-02
2.808e+02 2.959e+02 1.513e+01 7.839e+01 2.529e+02 2.393e-02 4.781e-02 1.520e-05 2.391e-02 -2.541e-02 4.628e-02
2.805e+02 2.958e+02 1.526e+01 7.824e+01 2.524e+02 2.423e-02 4.841e-02 1.560e-05 2.421e-02 -2.542e-02 4.654e-02
2.803e+02 2.957e+02 1.540e+01 7.808e+01 2.519e+02 2.453e-02 4.901e-02 1.602e-05 2.451e-02 -2.543e-02 4.680e-02
2.801e+02 2.956e+02 1.553e+01 7.793e+01 2.514e+02 2.483e-02 4.962e-02 1.644e-05 2.482e-02 -2.544e-02 4.706e-02
2.799e+02 2.955e+02 1.567e+01 7.778e+01 2.509e+02 2.514e-02 5.022e-02 1.687e-05 2.512e-02 -2.545e-02 4.733e-02
2.796e+02 2.954e+02 1.580e+01 7.762e+01 2.504e+02 2.544e-02 5.083e-02 1.731e-05 2.542e-02 -2.546e-02 4.759e-02
2.794e+02 2.953e+02 1.593e+01 7.747e+01 2.499e+02 2.574e-02 5.143e-02 1.776e-05 2.573e-02 -2.547e-02 4.785e-02
2.792e+02 2.953e+02 1.607e+01 7.731e+01 2.494e+02 2.605e-02 5.204e-02 1.821e-05 2.603e-02 -2.548e-02 4.812e-02
2.790e+02 2.952e+02 1.620e+01 7.716e+01 2.489e+02 2.635e-02 5.265e-02 1.867e-05 2.634e-02 -2.549e-02 4.839e-02
2.787e+02 2.951e+02 1.634e+01 7.701e+01 2.484e+02 2.666e-02 5.326e-02 1.913e-05 2.664e-02 -2.550e-02 4.865e-02
2.785e+02 2.950e+02 1.647e+01 7.685e+01 2.479e+02 2.697e-02 5.388e-02 1.961e-05 2.695e-02 -2.551e-02 4.892e-02
2.783e+02 2.949e+02 1.660e+01 7.670e+01 2.474e+02 2.728e-02 5.449e-02 2.009e-05 2.726e-02 -2.552e-02 4.919e-02
2.781e+02 2.948e+02 1.674e+01 7.655e+01 2.469e+02 2.759e-02 5.511e-02 2.058e-05 2.757e-02 -2.553e-02 4.945e-02
2.779e+02 2.947e+02 1.687e+01 7.639e+01 2.464e+02 2.790e-02 5.573e-02 2.108e-05 2.787e-02 -2.555e-02 4.972e-02
2.776e+02 2.946e+02 1.700e+01 7.624e+01 2.459e+02 2.821e-02 5.635e-02 2.158e-05 2.818e-02 -2.556e-02 4.999e-02
2.774e+02 2.946e+02 1.714e+01 7.608e+01 2.454e+02 2.852e-02 5.697e-02 2.210e-05 2.849e-02 -2.557e-02 5.026e-02
2.772e+02 2.945e+02 1.727e+01 7.593e+01 2.449e+02 2.883e-02 5.759e-02 2.262e-05 2.881e-02 -2.558e-02 5.053e-02
2.770e+02 2.944e+02 1.740e+01 7.578e+01 2.444e+02 2.914e-02 5.821e-02 2.314e-05 2.912e-02 -2.559e-02 5.080e-02
2.768e+02 2.943e+02 1.754e+01 7.562e+01 2.439e+02 2.945e-02 5.884e-02 2.368e-05 2.943e-02 -2.560e-02 5.107e-02
2.765e+02 2.942e+02 1.767e+01 7.547e+01 2.435e+02 2.977e-02 5.946e-02 2.423e-05 2.974e-02 -2.561e-02 5.134e-02
2.763e+02 2.941e+02 1.780e+01 7.532e+01 2.430e+02 3.008e-02 6.009e-02 2.478e-05 3.006e-02 -2.562e-02 5.161e-02
2.761e+02 2.940e+02 1.794e+01 7.516e+01 2.425e+02 3.040e-02 6.072e-02 2.534e-05 3.037e-02 -2.564e-02 5.189e-02
2.759e+02 2.940e+02 1.807e+01 7.501e+01 2.420e+02 3.072e-02 6.135e-02 2.591e-05 3.069e-02 -2.565e-02 5.216e-02
2.757e+02 2.939e+02 1.820e+01 7.486e+01 2.415e+02 3.103e-02 6.198e-02 2.649e-05 3.101e-02 -2.566e-02 5.243e-02
2.755e+02 2.938e+02 1.834e+01 7.470e+01 2.410e+02 3.135e-02 6.262e-02 2.707e-05 3.132e-02 -2.567e-02 5.270e-02
2.752e+02 2.937e+02 1.847e+01 7.455e+01 2.405e+02 3.167e-02 6.325e-02 2.767e-05 3.164e-02 -2.568e-02 5.298e-02
2.750e+02 2.936e+02 1.860e+01 7.439e+01 2.400e+02 3.199e-02 6.389e-02 2.827e-05 3.196e-02 -2.570e-02 5.325e-02
2.748e+02 2.936e+02 1.874e+01 7.424e+01 2.395e+02 3.231e-02 6.453e-02 2.888e-05 3.228e-02 -2.571e-02 5.353e-02
2.746e+02 2.935e+02 1.887e+01 7.409e+01 2.390e+02 3.263e-02 6.516e-02 2.950e-05 3.260e-02 -2.572e-02 5.380e-02
2.744e+02 2.934e+02 1.900e+01 7.393e+01 2.385e+02 3.295e-02 6.580e-02 3.013e-05 3.292e-02 -2.573e-02 5.408e-02
2.742e+02 2.933e+02 1.913e+01 7.378e+01 2.380e+02 3.327e-02 6.645e-02 3.076e-05 3.324e-02 -2.574e-02 5.436e-02
2.740e+02 2.932e+02 1.927e+01 7.363e+01 2.375e+02 3.359e-02 6.709e-02 3.141e-05 3.356e-02 -2.576e-02 5.463e-02
2.738e+02 2.932e+02 1.940e+01 7.347e+01 2.370e+02 3.391e-02 6.773e-02 3.206e-05 3.388e-02 -2.577e-02 5.491e-02
2.735e+02 2.931e+02 1.953e+01 7.332e+01 2.365e+02 3.424e-02 6.838e-02 3.272e-05 3.420e-02 -2.578e-02 5.519e-02
2.733e+02 2.930e+02 1.967e+01 7.316e+01 2.360e+02 3.456e-02 6.902e-02 3.339e-05 3.453e-02 -2.579e-02 5.547e-02
2.731e+02 2.929e+02 1.980e+01 7.301e+01 2.355e+02 3.489e-02 6.967e-02 3.407e-05 3.485e-02 -2.581e-02 5.574e-02
2.729e+02 2.928e+02 1.993e+01 7.286e+01 2.350e+02 3.521e-02 7.032e-02 3.476e-05 3.518e-02 -2.582e-02 5.602e-02
2.727e+02 2.928e+02 2.006e+01 7.270e+01 2.345e+02 3.554e-02 7.097e-02 3.546e-05 3.550e-02 -2.583e-02 5.630e-02
2.725e+02 2.927e+02 2.019e+01 7.255e+01 2.340e+02 3.586e-02 7.162e-02 3.617e-05 3.583e-02 -2.585e-02 5.658e-02
2.723e+02 2.926e+02 2.033e+01 7.240e+01 2.335e+02 3.619e-02 7.227e-02 3.688e-05 3.616e-02 -2.586e-02 5.686e-02
2.721e+02 2.925e+02 2.046e+01 7.224e+01 2.330e+02 3.652e-02 7.293e-02 3.761e-05 3.648e-02 -2.587e-02 5.714e-02
2.719e+02 2.925e+02 2.059e+01 7.209e+01 2.325e+02 3.685e-02 7.358e-02 3.834e-05 3.681e-02 -2.588e-02 5.742e-02
2.717e+02 2.924e+02 2.072e+01 7.194e+01 2.320e+02 3.718e-02 7.424e-02 3.909e-05 3.714e-02 -2.590e-02 5.770e-02
2.715e+02 2.923e+02 2.086e+01 7.178e+01 2.316e+02 3.751e-02 7.490e-02 3.984e-05 3.747e-02 -2.591e-02 5.799e-02
2.713e+02 2.922e+02 2.099e+01 7.163e+01 2.311e+02 3.784e-02 7.555e-02 4.060e-05 3.780e-02 -2.592e-02 5.827e-02
2.711e+02 2.922e+02 2.112e+01 7.147e+01 2.306e+02 3.817e-02 7.621e-02 4.137e-05 3.813e-02 -2.594e-02 5.855e-02
2.708e+02 2.921e+02 2.125e+01 7.132e+01 2.301e+02 3.850e-02 7.687e-02 4.215e-05 3.846e-02 -2.595e-02 5.883e-02
2.706e+02 2.920e+02 2.138e+01 7.117e+01 2.296e+02 3.883e-02 7.754e-02 4.294e-05 3.879e-02 -2.596e-02 5.912e-02
2.704e+02 2.920e+02 2.152e+01 7.101e+01 2.291e+02 3.916e-02 7.820e-02 4.374e-05 3.912e-02 -2.598e-02 5.940e-02
2.702e+02 2.919e+02 2.165e+01 7.086e+01 2.286e+02 3.950e-02 7.886e-02 4.455e-05 3.945e-02 -2.599e-02 5.968e-02
2.700e+02 2.918e+02 2.178e+01 7.071e+01 2.281e+02 3.983e-02 7.953e-02 4.537e-05 3.979e-02 -2.600e-02 5.997e-02
2.698e+02 2.917e+02 2.191e+01 7.055e+01 2.276e+02 4.017e-02 8.019e-02 4.620e-05 4.012e-02 -2.602e-02 6.025e-02
2.696e+02 2.917e+02 2.204e+01 7.040e+01 2.271e+02 4.050e-02 8.086e-02 4.704e-05 4.045e-02 -2.603e-02 6.054e-02
2.694e+02 2.916e+02 2.217e+01 7.024e+01 2.266e+02 4.084e-02 8.153e-02 4.788e-05 4.079e-02 -2.605e-02 6.082e-02
2.692e+02 2.915e+02 2.231e+01 7.009e+01 2.261e+02 4.117e-02 8.220e-02 4.874e-05 4.112e-02 -2.606e-02 6.111e-02
2.690e+02 2.915e+02 2.244e+01 6.994e+01 2.256e+02 4.151e-02 8.287e-02 4.961e-05 4.146e-02 -2.607e-02 6.140e-02
2.688e+02 2.914e+02 2.257e+01 6.978e+01 2.251e+02 4.185e-02 8.354e-02 5.049e-05 4.180e-02 -2.609e-02 6.168e-02
2.686e+02 2.913e+02 2.270e+01 6.963e+01 2.246e+02 4.218e-02 8.421e-02 5.137e-05 4.213e-02 -2.610e-02 6.197e-02
2.684e+02 2.913e+02 2.283e+01 6.948e+01 2.241e+02 4.252e-02 8.489e-02 5.227e-05 4.247e-02 -2.612e-02 6.226e-02
2.682e+02 2.912e+02 2.296e+01 6.932e+01 2.236e+02 4.286e-02 8.556e-02 5.318e-05 4.281e-02 -2.613e-02 6.254e-02
2.680e+02 2.911e+02 2.309e+01 6.917e+01 2.231e+02 4.320e-02 8.624e-02 5.409e-05 4.315e-02 -2.614e-02 6.283e-02
2.678e+02 2.911e+02 2.322e+01 6.901e+01 2.226e+02 4.354e-02 8.691e-02 5.502e-05 4.348e-02 -2.616e-02 6.312e-02
2.676e+02 2.910e+02 2.336e+01 6.886e+01 2.221e+02 4.388e-02 8.759e-02 5.596e-05 4.382e-02 -2.617e-02 6.341e-02
2.674e+02 2.909e+02 2.349e+01 6.871e+01 2.216e+02 4.422e-02 8.827e-02 5.691e-05 4.416e-02 -2.619e-02 6.370e-02
2.672e+02 2.909e+02 2.362e+01 6.855e+01 2.211e+02 4.456e-02 8.895e-02 5.786e-05 4.450e-02 -2.620e-02 6.398e-02
2.671e+02 2.908e+02 2.375e+01 6.840e+01 2.206e+02 4.490e-02 8.963e-02 5.883e-05 4.484e-02 -2.622e-02 6.427e-02
2.669e+02 2.907e+02 2.388e+01 6.825e+01 2.202e+02 4.525e-02 9.031e-02 5.981e-05 4.519e-02 -2.623e-02 6.456e-02
2.667e+02 2.907e+02 2.401e+01 6.809e+01 2.197e+02 4.559e-02 9.099e-02 6.080e-05 4.553e-02 -2.624e-02 6.485e-02
2.665e+02 2.906e+02 2.414e+01 6.794e+01 2.192e+02 4.593e-02 9.168e-02 6.179e-05 4.587e-02 -2.626e-02 6.514e-02
2.663e+02 2.906e+02 2.427e+01 6.779e+01 2.187e+02 4.628e-02 9.236e-02 6.280e-05 4.621e-02 -2.627e-02 6.543e-02
2.661e+02 2.905e+02 2.440e+01 6.763e+01 2.182e+02 4.662e-02 9.305e-02 6.382e-05 4.656e-02 -2.629e-02 6.572e-02
2.659e+02 2.904e+02 2.453e+01 6.748e+01 2.177e+02 4.696e-02 9.373e-02 6.485e-05 4.690e-02 -2.630e-02 6.602e-02
2.657e+02 2.904e+02 2.466e+01 6.732e+01 2.172e+02 4.731e-02 9.442e-02 6.589e-05 4.724e-02 -2.632e-02 6.631e-02
2.655e+02 2.903e+02 2.479e+01 6.717e+01 2.167e+02 4.765e-02 9.511e-02 6.694e-05 4.759e-02 -2.633e-02 6.660e-02
2.653e+02 2.903e+02 2.492e+01 6.702e+01 2.162e+02 4.800e-02 9.580e-02 6.800e-05 4.793e-02 -2.635e-02 6.689e-02
2.651e+02 2.902e+02 2.505e+01 6.686e+01 2.157e+02 4.835e-02 9.649e-02 6.908e-05 4.828e-02 -2.636e-02 6.718e-02
2.649e+02 2.901e+02 2.518e+01 6.671e+01 2.152e+02 4.869e-02 9.718e-02 7.016e-05 4.862e-02 -2.638e-02 6.748e-02
2.648e+02 2.901e+02 2.531e+01 6.656e+01 2.147e+02 4.904e-02 9.787e-02 7.125e-05 4.897e-02 -2.639e-02 6.777e-02
2.646e+02 2.900e+02 2.544e+01 6.640e+01 2.142e+02 4.939e-02 9.856e-02 7.235e-05 4.932e-02 -2.641e-02 6.806e-02
2.644e+02 2.900e+02 2.557e+01 6.625e+01 2.137e+02 4.974e-02 9.926e-02 7.347e-05 4.966e-02 -2.642e-02 6.835e-02
2.642e+02 2.899e+02 2.570e+01 6.609e+01 2.132e+02 5.009e-02 9.995e-02 7.459e-05 5.001e-02 -2.644e-02 6.865e-02
2.640e+02 2.898e+02 2.583e+01 6.594e+01 2.127e+02 5.044e-02 1.006e-01 7.573e-05 5.036e-02 -2.645e-02 6.894e-02
2.638e+02 2.898e+02 2.596e+01 6.579e+01 2.122e+02 5.079e-02 1.013e-01 7.688e-05 5.071e-02 -2.647e-02 6.924e-02
2.636e+02 2.897e+02 2.609e+01 6.563e+01 2.117e+02 5.114e-02 1.020e-01 7.804e-05 5.106e-02 -2.648e-02 6.953e-02
2.635e+02 2.897e+02 2.622e+01 6.548e+01 2.112e+02 5.149e-02 1.027e-01 7.920e-05 5.141e-02 -2.650e-02 6.982e-02
2.633e+02 2.896e+02 2.635e+01 6.533e+01 2.107e+02 5.184e-02 1.034e-01 8.038e-05 5.176e-02 -2.651e-02 7.012e-02
2.631e+02 2.896e+02 2.648e+01 6.517e+01 2.102e+02 5.219e-02 1.041e-01 8.157e-05 5.211e-02 -2.653e-02 7.041e-02
2.629e+02 2.895e+02 2.661e+01 6.502e+01 2.097e+02 5.254e-02 1.048e-01 8.278e-05 5.246e-02 -2.654e-02 7.071e-02
2.627e+02 2.895e+02 2.674e+01 6.487e+01 2.092e+02 5.289e-02 1.055e-01 8.399e-05 5.281e-02 -2.656e-02 7.101e-02
2.626e+02 2.894e+02 2.687e+01 6.471e+01 2.087e+02 5.325e-02 1.062e-01 8.521e-05 5.316e-02 -2.657e-02 7.130e-02
2.624e+02 2.894e+02 2.700e+01 6.456e+01 2.083e+02 5.360e-02 1.069e-01 8.645e-05 5.351e-02 -2.659e-02 7.160e-02
2.622e+02 2.893e+02 2.713e+01 6.440e+01 2.078e+02 5.395e-02 1.076e-01 8.769e-05 5.387e-02 -2.660e-02 7.189e-02
2.620e+02 2.893e+02 2.726e+01 6.425e+01 2.073e+02 5.431e-02 1.083e-01 8.895e-05 5.422e-02 -2.662e-02 7.219e-02
2.618e+02 2.892e+02 2.738e+01 6.410e+01 2.068e+02 5.466e-02 1.091e-01 9.022e-05 5.457e-02 -2.663e-02 7.249e-02
2.617e+02 2.892e+02 2.751e+01 6.394e+01 2.063e+02 5.502e-02 1.098e-01 9.150e-05 5.492e-02 -2.665e-02 7.278e-02
2.615e+02 2.891e+02 2.764e+01 6.379e+01 2.058e+02 5.537e-02 1.105e-01 9.279e-05 5.528e-02 -2.666e-02 7.308e-02
2.613e+02 2.891e+02 2.777e+01 6.364e+01 2.053e+02 5.573e-02 1.112e-01 9.409e-05 5.563e-02 -2.668e-02 7.338e-02
2.611e+02 2.890e+02 2.790e+01 6.348e+01 2.048e+02 5.608e-02 1.119e-01 9.540e-05 5.599e-02 -2.669e-02 7.368e-02
2.609e+02 2.890e+02 2.803e+01 6.333e+01 2.043e+02 5.644e-02 1.126e-01 9.673e-05 5.634e-02 -2.671e-02 7.397e-02
2.608e+02 2.889e+02 2.816e+01 6.317e+01 2.038e+02 5.680e-02 1.133e-01 9.806e-05 5.670e-02 -2.672e-02 7.427e-02
2.606e+02 2.889e+02 2.828e+01 6.302e+01 2.033e+02 5.715e-02 1.140e-01 9.941e-05 5.705e-02 -2.674e-02 7.457e-02
2.604e+02 2.888e+02 2.841e+01 6.287e+01 2.028e+02 5.751e-02 1.147e-01 1.008e-04 5.741e-02 -2.675e-02 7.487e-02
2.603e+02 2.888e+02 2.854e+01 6.271e+01 2.023e+02 5.787e-02 1.154e-01 1.021e-04 5.777e-02 -2.677e-02 7.517e-02
2.601e+02 2.887e+02 2.867e+01 6.256e+01 2.018e+02 5.823e-02 1.161e-01 1.035e-04 5.812e-02 -2.678e-02 7.547e-02
2.599e+02 2.887e+02 2.880e+01 6.241e+01 2.013e+02 5.859e-02 1.169e-01 1.049e-04 5.848e-02 -2.680e-02 7.577e-02
2.597e+02 2.887e+02 2.892e+01 6.225e+01 2.008e+02 5.894e-02 1.176e-01 1.063e-04 5.884e-02 -2.681e-02 7.607e-02
2.596e+02 2.886e+02 2.905e+01 6.210e+01 2.003e+02 5.930e-02 1.183e-01 1.077e-04 5.920e-02 -2.683e-02 7.636e-02
2.594e+02 2.886e+02 2.918e+01 6.195e+01 1.998e+02 5.966e-02 1.190e-01 1.092e-04 5.955e-02 -2.684e-02 7.666e-02
2.592e+02 2.885e+02 2.931e+01 6.179e+01 1.993e+02 6.002e-02 1.197e-01 1.106e-04 5.991e-02 -2.686e-02 7.696e-02
2.591e+02 2.885e+02 2.943e+01 6.164e+01 1.988e+02 6.038e-02 1.204e-01 1.120e-04 6.027e-02 -2.687e-02 7.726e-02
2.589e+02 2.884e+02 2.956e+01 6.148e+01 1.983e+02 6.075e-02 1.212e-01 1.135e-04 6.063e-02 -2.689e-02 7.757e-02
2.587e+02 2.884e+02 2.969e+01 6.133e+01 1.978e+02 6.111e-02 1.219e-01 1.150e-04 6.099e-02 -2.691e-02 7.787e-02
2.586e+02 2.884e+02 2.982e+01 6.118e+01 1.973e+02 6.147e-02 1.226e-01 1.165e-04 6.135e-02 -2.692e-02 7.817e-02
2.584e+02 2.883e+02 2.994e+01 6.102e+01 1.968e+02 6.183e-02 1.233e-01 1.180e-04 6.171e-02 -2.694e-02 7.847e-02
2.582e+02 2.883e+02 3.007e+01 6.087e+01 1.964e+02 6.219e-02 1.240e-01 1.195e-04 6.207e-02 -2.695e-02 7.877e-02
2.581e+02 2.883e+02 3.020e+01 6.072e+01 1.959e+02 6.256e-02 1.247e-01 1.210e-04 6.243e-02 -2.697e-02 7.907e-02
2.579e+02 2.882e+02 3.032e+01 6.056e+01 1.954e+02 6.292e-02 1.255e-01 1.225e-04 6.280e-02 -2.698e-02 7.937e-02
2.577e+02 2.882e+02 3.045e+01 6.041e+01 1.949e+02 6.328e-02 1.262e-01 1.241e-04 6.316e-02 -2.700e-02 7.967e-02
2.576e+02 2.881e+02 3.058e+01 6.025e+01 1.944e+02 6.365e-02 1.269e-01 1.256e-04 6.352e-02 -2.701e-02 7.998e-02
2.574e+02 2.881e+02 3.070e+01 6.010e+01 1.939e+02 6.401e-02 1.276e-01 1.272e-04 6.388e-02 -2.703e-02 8.028e-02
2.572e+02 2.881e+02 3.083e+01 5.995e+01 1.934e+02 6.437e-02 1.284e-01 1.288e-04 6.425e-02 -2.704e-02 8.058e-02
2.571e+02 2.880e+02 3.096e+01 5.979e+01 1.929e+02 6.474e-02 1.291e-01 1.304e-04 6.461e-02 -2.705e-02 8.088e-02
2.569e+02 2.880e+02 3.108e+01 5.964e+01 1.924e+02 6.510e-02 1.298e-01 1.320e-04 6.497e-02 -2.707e-02 8.119e-02
2.568e+02 2.880e+02 3.121e+01 5.949e+01 1.919e+02 6.547e-02 1.305e-01 1.336e-04 6.534e-02 -2.708e-02 8.149e-02
2.566e+02 2.879e+02 3.134e+01 5.933e+01 1.914e+02 6.583e-02 1.313e-01 1.352e-04 6.570e-02 -2.710e-02 8.179e-02
2.564e+02 2.879e+02 3.146e+01 5.918e+01 1.909e+02 6.620e-02 1.320e-01 1.368e-04 6.606e-02 -2.711e-02 8.210e-02
2.563e+02 2.879e+02 3.159e+01 5.903e+01 1.904e+02 6.657e-02 1.327e-01 1.385e-04 6.643e-02 -2.713e-02 8.240e-02
2.561e+02 2.878e+02 3.171e+01 5.887e+01 1.899e+02 6.693e-02 1.334e-01 1.401e-04 6.679e-02 -2.714e-02 8.270e-02
2.560e+02 2.878e+02 3.184e+01 5.872e+01 1.894e+02 6.730e-02 1.342e-01 1.418e-04 6.716e-02 -2.716e-02 8.301e-02
2.558e+02 2.878e+02 3.196e+01 5.856e+01 1.889e+02 6.767e-02 1.349e-01 1.435e-04 6.752e-02 -2.717e-02 8.331e-02
2.557e+02 2.877e+02 3.209e+01 5.841e+01 1.884e+02 6.804e-02 1.356e-01 1.452e-04 6.789e-02 -2.719e-02 8.361e-02
2.555e+02 2.877e+02 3.221e+01 5.826e+01 1.879e+02 6.840e-02 1.364e-01 1.469e-04 6.826e-02 -2.720e-02 8.392e-02
2.553e+02 2.877e+02 3.234e+01 5.810e+01 1.874e+02 6.877e-02 1.371e-01 1.486e-04 6.862e-02 -2.722e-02 8.422e-02
2.552e+02 2.877e+02 3.247e+01 5.795e+01 1.869e+02 6.914e-02 1.378e-01 1.504e-04 6.899e-02 -2.723e-02 8.453e-02
2.550e+02 2.876e+02 3.259e+01 5.780e+01 1.864e+02 6.951e-02 1.386e-01 1.521e-04 6.936e-02 -2.725e-02 8.483e-02
2.549e+02 2.876e+02 3.272e+01 5.764e+01 1.859e+02 6.988e-02 1.393e-01 1.539e-04 6.973e-02 -2.726e-02 8.514e-02
2.547e+02 2.876e+02 3.284e+01 5.749e+01 1.854e+02 7.025e-02 1.400e-01 1.556e-04 7.009e-02 -2.727e-02 8.544e-02
2.546e+02 2.876e+02 3.296e+01 5.733e+01 1.849e+02 7.062e-02 1.408e-01 1.574e-04 7.046e-02 -2.729e-02 8.575e-02
2.544e+02 2.875e+02 3.309e+01 5.718e+01 1.845e+02 7.099e-02 1.415e-01 1.592e-04 7.083e-02 -2.730e-02 8.605e-02
2.543e+02 2.875e+02 3.321e+01 5.703e+01 1.840e+02 7.136e-02 1.422e-01 1.610e-04 7.120e-02 -2.732e-02 8.636e-02
2.541e+02 2.875e+02 3.334e+01 5.687e+01 1.835e+02 7.173e-02 1.430e-01 1.628e-04 7.157e-02 -2.733e-02 8.667e-02
2.540e+02 2.875e+02 3.346e+01 5.672e+01 1.830e+02 7.210e-02 1.437e-01 1.646e-04 7.194e-02 -2.734e-02 8.697e-02
2.538e+02 2.874e+02 3.359e+01 5.657e+01 1.825e+02 7.247e-02 1.444e-01 1.665e-04 7.231e-02 -2.736e-02 8.728e-02
2.537e+02 2.874e+02 3.371e+01 5.641e+01 1.820e+02 7.284e-02 1.452e-01 1.683e-04 7.268e-02 -2.737e-02 8.759e-02
2.536e+02 2.874e+02 3.383e+01 5.626e+01 1.815e+02 7.322e-02 1.459e-01 1.702e-04 7.305e-02 -2.739e-02 8.789e-02
2.534e+02 2.874e+02 3.396e+01 5.610e+01 1.810e+02 7.359e-02 1.467e-01 1.721e-04 7.342e-02 -2.740e-02 8.820e-02
2.533e+02 2.873e+02 3.408e+01 5.595e+01 1.805e+02 7.396e-02 1.474e-01 1.740e-04 7.379e-02 -2.741e-02 8.851e-02
2.531e+02 2.873e+02 3.421e+01 5.580e+01 1.800e+02 7.433e-02 1.481e-01 1.759e-04 7.416e-02 -2.743e-02 8.881e-02
2.530e+02 2.873e+02 3.433e+01 5.564e+01 1.795e+02 7.471e-02 1.489e-01 1.778e-04 7.453e-02 -2.744e-02 8.912e-02
2.528e+02 2.873e+02 3.445e+01 5.549e+01 1.790e+02 7.508e-02 1.496e-01 1.797e-04 7.490e-02 -2.745e-02 8.943e-02
2.527e+02 2.873e+02 3.458e+01 5.534e+01 1.785e+02 7.546e-02 1.504e-01 1.816e-04 7.527e-02 -2.747e-02 8.974e-02
2.526e+02 2.873e+02 3.470e+01 5.518e+01 1.780e+02 7.583e-02 1.511e-01 1.836e-04 7.565e-02 -2.748e-02 9.004e-02
2.524e+02 2.872e+02 3.482e+01 5.503e+01 1.775e+02 7.620e-02 1.519e-01 1.855e-04 7.602e-02 -2.749e-02 9.035e-02
2.523e+02 2.872e+02 3.494e+01 5.488e+01 1.770e+02 7.658e-02 1.526e-01 1.875e-04 7.639e-02 -2.751e-02 9.066e-02
2.521e+02 2.872e+02 3.507e+01 5.472e+01 1.765e+02 7.695e-02 1.533e-01 1.895e-04 7.676e-02 -2.752e-02 9.097e-02
2.520e+02 2.872e+02 3.519e+01 5.457e+01 1.760e+02 7.733e-02 1.541e-01 1.915e-04 7.714e-02 -2.753e-02 9.128e-02
2.519e+02 2.872e+02 3.531e+01 5.441e+01 1.755e+02 7.771e-02 1.548e-01 1.935e-04 7.751e-02 -2.755e-02 9.159e-02
2.517e+02 2.872e+02 3.543e+01 5.426e+01 1.750e+02 7.808e-02 1.556e-01 1.955e-04 7.789e-02 -2.756e-02 9.190e-02
2.516e+02 2.871e+02 3.556e+01 5.411e+01 1.745e+02 7.846e-02 1.563e-01 1.975e-04 7.826e-02 -2.757e-02 9.220e-02
2.515e+02 2.871e+02 3.568e+01 5.395e+01 1.740e+02 7.883e-02 1.571e-01 1.996e-04 7.863e-02 -2.758e-02 9.251e-02
2.513e+02 2.871e+02 3.580e+01 5.380e+01 1.735e+02 7.921e-02 1.578e-01 2.016e-04 7.901e-02 -2.760e-02 9.282e-02
2.512e+02 2.871e+02 3.592e+01 5.365e+01 1.731e+02 7.959e-02 1.586e-01 2.037e-04 7.938e-02 -2.761e-02 9.313e-02
2.511e+02 2.871e+02 3.604e+01 5.349e+01 1.726e+02 7.997e-02 1.593e-01 2.058e-04 7.976e-02 -2.762e-02 9.344e-02
2.509e+02 2.871e+02 3.617e+01 5.334e+01 1.721e+02 8.034e-02 1.601e-01 2.079e-04 8.014e-02 -2.763e-02 9.375e-02
2.508e+02 2.871e+02 3.629e+01 5.318e+01 1.716e+02 8.072e-02 1.608e-01 2.100e-04 8.051e-02 -2.764e-02 9.406e-02
2.507e+02 2.871e+02 3.641e+01 5.303e+01 1.711e+02 8.110e-02 1.616e-01 2.121e-04 8.089e-02 -2.766e-02 9.437e-02
2.505e+02 2.871e+02 3.653e+01 5.288e+01 1.706e+02 8.148e-02 1.623e-01 2.142e-04 8.127e-02 -2.767e-02 9.468e-02
2.504e+02 2.871e+02 3.665e+01 5.272e+01 1.701e+02 8.186e-02 1.631e-01 2.164e-04 8.164e-02 -2.768e-02 9.500e-02
2.503e+02 2.870e+02 3.677e+01 5.257e+01 1.696e+02 8.224e-02 1.638e-01 2.185e-04 8.202e-02 -2.769e-02 9.531e-02
2.501e+02 2.870e+02 3.689e+01 5.242e+01 1.691e+02 8.262e-02 1.646e-01 2.207e-04 8.240e-02 -2.770e-02 9.562e-02
2.500e+02 2.870e+02 3.701e+01 5.226e+01 1.686e+02 8.300e-02 1.653e-01 2.228e-04 8.278e-02 -2.771e-02 9.593e-02
2.499e+02 2.870e+02 3.713e+01 5.211e+01 1.681e+02 8.338e-02 1.661e-01 2.250e-04 8.315e-02 -2.773e-02 9.624e-02
2.498e+02 2.870e+02 3.726e+01 5.196e+01 1.676e+02 8.376e-02 1.668e-01 2.272e-04 8.353e-02 -2.774e-02 9.655e-02
2.496e+02 2.870e+02 3.738e+01 5.180e+01 1.671e+02 8.414e-02 1.676e-01 2.294e-04 8.391e-02 -2.775e-02 9.687e-02
2.495e+02 2.870e+02 3.750e+01 5.165e+01 1.666e+02 8.452e-02 1.683e-01 2.317e-04 8.429e-02 -2.776e-02 9.718e-02
2.494e+02 2.870e+02 3.762e+01 5.149e+01 1.661e+02 8.490e-02 1.691e-01 2.339e-04 8.467e-02 -2.777e-02 9.749e-02
2.493e+02 2.870e+02 3.774e+01 5.134e+01 1.656e+02 8.529e-02 1.699e-01 2.361e-04 8.505e-02 -2.778e-02 9.780e-02
2.492e+02 2.870e+02 3.786e+01 5.119e+01 1.651e+02 8.567e-02 1.706e-01 2.384e-04 8.543e-02 -2.779e-02 9.812e-02
2.490e+02 2.870e+02 3.798e+01 5.103e+01 1.646e+02 8.605e-02 1.714e-01 2.407e-04 8.581e-02 -2.780e-02 9.843e-02
2.489e+02 2.870e+02 3.810e+01 5.088e+01 1.641e+02 8.643e-02 1.721e-01 2.429e-04 8.619e-02 -2.781e-02 9.874e-02
2.488e+02 2.870e+02 3.821e+01 5.073e+01 1.636e+02 8.682e-02 1.729e-01 2.452e-04 8.657e-02 -2.782e-02 9.906e-02
2.487e+02 2.870e+02 3.833e+01 5.057e+01 1.631e+02 8.720e-02 1.737e-01 2.475e-04 8.695e-02 -2.783e-02 9.937e-02
2.486e+02 2.870e+02 3.845e+01 5.042e+01 1.626e+02 8.758e-02 1.744e-01 2.499e-04 8.733e-02 -2.784e-02 9.968e-02
2.485e+02 2.870e+02 3.857e+01 5.026e+01 1.621e+02 8.797e-02 1.752e-01 2.522e-04 8.772e-02 -2.785e-02 1.000e-01
2.483e+02 2.870e+02 3.869e+01 5.011e+01 1.616e+02 8.835e-02 1.759e-01 2.545e-04 8.810e-02 -2.786e-02 1.003e-01
2.482e+02 2.870e+02 3.881e+01 4.996e+01 1.612e+02 8.874e-02 1.767e-01 2.569e-04 8.848e-02 -2.787e-02 1.006e-01
2.481e+02 2.870e+02 3.893e+01 4.980e+01 1.607e+02 8.912e-02 1.775e-01 2.592e-04 8.886e-02 -2.788e-02 1.009e-01
2.480e+02 2.870e+02 3.905e+01 4.965e+01 1.602e+02 8.951e-02 1.782e-01 2.616e-04 8.925e-02 -2.789e-02 1.013e-01
2.479e+02 2.870e+02 3.917e+01 4.950e+01 1.597e+02 8.990e-02 1.790e-01 2.640e-04 8.963e-02 -2.790e-02 1.016e-01
2.478e+02 2.871e+02 3.928e+01 4.934e+01 1.592e+02 9.028e-02 1.798e-01 2.664e-04 9.002e-02 -2.791e-02 1.019e-01
2.477e+02 2.871e+02 3.940e+01 4.919e+01 1.587e+02 9.067e-02 1.805e-01 2.688e-04 9.040e-02 -2.791e-02 1.022e-01
2.476e+02 2.871e+02 3.952e+01 4.904e+01 1.582e+02 9.106e-02 1.813e-01 2.712e-04 9.078e-02 -2.792e-02 1.025e-01
2.474e+02 2.871e+02 3.964e+01 4.888e+01 1.577e+02 9.144e-02 1.821e-01 2.737e-04 9.117e-02 -2.793e-02 1.028e-01
2.473e+02 2.871e+02 3.976e+01 4.873e+01 1.572e+02 9.183e-02 1.828e-01 2.761e-04 9.156e-02 -2.794e-02 1.032e-01
2.472e+02 2.871e+02 3.987e+01 4.857e+01 1.567e+02 9.222e-02 1.836e-01 2.786e-04 9.194e-02 -2.795e-02 1.035e-01
2.471e+02 2.871e+02 3.999e+01 4.842e+01 1.562e+02 9.261e-02 1.844e-01 2.811e-04 9.233e-02 -2.795e-02 1.038e-01
2.470e+02 2.871e+02 4.011e+01 4.827e+01 1.557e+02 9.300e-02 1.851e-01 2.835e-04 9.271e-02 -2.796e-02 1.041e-01
2.469e+02 2.871e+02 4.023e+01 4.811e+01 1.552e+02 9.339e-02 1.859e-01 2.860e-04 9.310e-02 -2.797e-02 1.044e-01
2.468e+02 2.872e+02 4.034e+01 4.796e+01 1.547e+02 9.378e-02 1.867e-01 2.885e-04 9.349e-02 -2.798e-02 1.047e-01
2.467e+02 2.872e+02 4.046e+01 4.781e+01 1.542e+02 9.417e-02 1.875e-01 2.911e-04 9.388e-02 -2.798e-02 1.051e-01
2.466e+02 2.872e+02 4.058e+01 4.765e+01 1.537e+02 9.456e-02 1.882e-01 2.936e-04 9.426e-02 -2.799e-02 1.054e-01
2.465e+02 2.872e+02 4.069e+01 4.750e+01 1.532e+02 9.495e-02 1.890e-01 2.961e-04 9.465e-02 -2.800e-02 1.057e-01
2.464e+02 2.872e+02 4.081e+01 4.734e+01 1.527e+02 9.534e-02 1.898e-01 2.987e-04 9.504e-02 -2.800e-02 1.060e-01
2.463e+02 2.872e+02 4.093e+01 4.719e+01 1.522e+02 9.573e-02 1.906e-01 3.012e-04 9.543e-02 -2.801e-02 1.063e-01
2.462e+02 2.872e+02 4.104e+01 4.704e+01 1.517e+02 9.612e-02 1.913e-01 3.038e-04 9.582e-02 -2.801e-02 1.067e-01
2.461e+02 2.873e+02 4.116e+01 4.688e+01 1.512e+02 9.652e-02 1.921e-01 3.064e-04 9.621e-02 -2.802e-02 1.070e-01
2.460e+02 2.873e+02 4.127e+01 4.673e+01 1.507e+02 9.691e-02 1.929e-01 3.090e-04 9.660e-02 -2.803e-02 1.073e-01
2.459e+02 2.873e+02 4.139e+01 4.658e+01 1.502e+02 9.730e-02 1.937e-01 3.116e-04 9.699e-02 -2.803e-02 1.076e-01
2.458e+02 2.873e+02 4.151e+01 4.642e+01 1.497e+02 9.770e-02 1.944e-01 3.142e-04 9.738e-02 -2.804e-02 1.079e-01
2.457e+02 2.873e+02 4.162e+01 4.627e+01 1.493e+02 9.809e-02 1.952e-01 3.169e-04 9.777e-02 -2.804e-02 1.083e-01
2.456e+02 2.874e+02 4.174e+01 4.612e+01 1.488e+02 9.848e-02 1.960e-01 3.195e-04 9.816e-02 -2.805e-02 1.086e-01
2.455e+02 2.874e+02 4.185e+01 4.596e+01 1.483e+02 9.888e-02 1.968e-01 3.222e-04 9.856e-02 -2.805e-02 1.089e-01
2.455e+02 2.874e+02 4.197e+01 4.581e+01 1.478e+02 9.927e-02 1.976e-01 3.248e-04 9.895e-02 -2.805e-02 1.092e-01
2.454e+02 2.874e+02 4.208e+01 4.565e+01 1.473e+02 9.967e-02 1.984e-01 3.275e-04 9.934e-02 -2.806e-02 1.095e-01
2.453e+02 2.875e+02 4.220e+01 4.550e+01 1.468e+02 1.001e-01 1.991e-01 3.302e-04 9.974e-02 -2.806e-02 1.099e-01
2.452e+02 2.875e+02 4.231e+01 4.535e+01 1.463e+02 1.005e-01 1.999e-01 3.329e-04 1.001e-01 -2.807e-02 1.102e-01
2.451e+02 2.875e+02 4.243e+01 4.519e+01 1.458e+02 1.009e-01 2.007e-01 3.356e-04 1.005e-01 -2.807e-02 1.105e-01
2.450e+02 2.876e+02 4.254e+01 4.504e+01 1.453e+02 1.013e-01 2.015e-01 3.384e-04 1.009e-01 -2.807e-02 1.108e-01
2.449e+02 2.876e+02 4.266e+01 4.489e+01 1.448e+02 1.017e-01 2.023e-01 3.411e-04 1.013e-01 -2.807e-02 1.112e-01
2.448e+02 2.876e+02 4.277e+01 4.473e+01 1.443e+02 1.021e-01 2.031e-01 3.438e-04 1.017e-01 -2.808e-02 1.115e-01
2.448e+02 2.876e+02 4.288e+01 4.458e+01 1.438e+02 1.025e-01 2.039e-01 3.466e-04 1.021e-01 -2.808e-02 1.118e-01
2.447e+02 2.877e+02 4.300e+01 4.442e+01 1.433e+02 1.029e-01 2.047e-01 3.494e-04 1.025e-01 -2.808e-02 1.121e-01
2.446e+02 2.877e+02 4.311e+01 4.427e+01 1.428e+02 1.033e-01 2.055e-01 3.522e-04 1.029e-01 -2.808e-02 1.125e-01
2.445e+02 2.877e+02 4.323e+01 4.412e+01 1.423e+02 1.037e-01 2.063e-01 3.550e-04 1.033e-01 -2.808e-02 1.128e-01
2.444e+02 2.878e+02 4.334e+01 4.396e+01 1.418e+02 1.041e-01 2.070e-01 3.578e-04 1.037e-01 -2.809e-02 1.131e-01
2.444e+02 2.878e+02 4.345e+01 4.381e+01 1.413e+02 1.045e-01 2.078e-01 3.606e-04 1.041e-01 -2.809e-02 1.134e-01
2.443e+02 2.878e+02 4.357e+01 4.366e+01 1.408e+02 1.049e-01 2.086e-01 3.634e-04 1.045e-01 -2.809e-02 1.138e-01
2.442e+02 2.879e+02 4.368e+01 4.350e+01 1.403e+02 1.053e-01 2.094e-01 3.662e-04 1.049e-01 -2.809e-02 1.141e-01
2.441e+02 2.879e+02 4.379e+01 4.335e+01 1.398e+02 1.057e-01 2.102e-01 3.691e-04 1.053e-01 -2.809e-02 1.144e-01
2.441e+02 2.880e+02 4.391e+01 4.319e+01 1.393e+02 1.061e-01 2.110e-01 3.720e-04 1.057e-01 -2.809e-02 1.148e-01
2.440e+02 2.880e+02 4.402e+01 4.304e+01 1.388e+02 1.065e-01 2.118e-01 3.748e-04 1.061e-01 -2.809e-02 1.151e-01
2.439e+02 2.880e+02 4.413e+01 4.289e+01 1.383e+02 1.069e-01 2.126e-01 3.777e-04 1.065e-01 -2.809e-02 1.154e-01
2.438e+02 2.881e+02 4.424e+01 4.273e+01 1.379e+02 1.073e-01 2.134e-01 3.806e-04 1.069e-01 -2.808e-02 1.158e-01
2.438e+02 2.881e+02 4.436e+01 4.258e+01 1.374e+02 1.077e-01 2.142e-01 3.835e-04 1.073e-01 -2.808e-02 1.161e-01
2.437e+02 2.882e+02 4.447e+01 4.243e+01 1.369e+02 1.081e-01 2.151e-01 3.865e-04 1.077e-01 -2.808e-02 1.164e-01
2.436e+02 2.882e+02 4.458e+01 4.227e+01 1.364e+02 1.085e-01 2.159e-01 3.894e-04 1.081e-01 -2.808e-02 1.167e-01
2.436e+02 2.883e+02 4.469e+01 4.212e+01 1.359e+02 1.089e-01 2.167e-01 3.923e-04 1.085e-01 -2.808e-02 1.171e-01
2.435e+02 2.883e+02 4.480e+01 4.197e+01 1.354e+02 1.093e-01 2.175e-01 3.953e-04 1.089e-01 -2.807e-02 1.174e-01
2.434e+02 2.883e+02 4.492e+01 4.181e+01 1.349e+02 1.097e-01 2.183e-01 3.982e-04 1.093e-01 -2.807e-02 1.177e-01
2.434e+02 2.884e+02 4.503e+01 4.166e+01 1.344e+02 1.102e-01 2.191e-01 4.012e-04 1.097e-01 -2.807e-02 1.181e-01
2.433e+02 2.884e+02 4.514e+01 4.150e+01 1.339e+02 1.106e-01 2.199e-01 4.042e-04 1.102e-01 -2.806e-02 1.184e-01
2.432e+02 2.885e+02 4.525e+01 4.135e+01 1.334e+02 1.110e-01 2.207e-01 4.072e-04 1.106e-01 -2.806e-02 1.187e-01
2.432e+02 2.885e+02 4.536e+01 4.120e+01 1.329e+02 1.114e-01 2.215e-01 4.102e-04 1.110e-01 -2.805e-02 1.191e-01
2.431e+02 2.886e+02 4.547e+01 4.104e+01 1.324e+02 1.118e-01 2.224e-01 4.133e-04 1.114e-01 -2.805e-02 1.194e-01
2.431e+02 2.886e+02 4.558e+01 4.089e+01 1.319e+02 1.122e-01 2.232e-01 4.163e-04 1.118e-01 -2.804e-02 1.198e-01
2.430e+02 2.887e+02 4.570e+01 4.074e+01 1.314e+02 1.126e-01 2.240e-01 4.193e-04 1.122e-01 -2.804e-02 1.201e-01
2.429e+02 2.888e+02 4.581e+01 4.058e+01 1.309e+02 1.130e-01 2.248e-01 4.224e-04 1.126e-01 -2.803e-02 1.204e-01
2.429e+02 2.888e+02 4.592e+01 4.043e+01 1.304e+02 1.135e-01 2.256e-01 4.255e-04 1.130e-01 -2.803e-02 1.208e-01
2.428e+02 2.889e+02 4.603e+01 4.027e+01 1.299e+02 1.139e-01 2.265e-01 4.285e-04 1.134e-01 -2.802e-02 1.211e-01
2.428e+02 2.889e+02 4.614e+01 4.012e+01 1.294e+02 1.143e-01 2.273e-01 4.316e-04 1.139e-01 -2.801e-02 1.215e-01
2.427e+02 2.890e+02 4.625e+01 3.997e+01 1.289e+02 1.147e-01 2.281e-01 4.347e-04 1.143e-01 -2.801e-02 1.218e-01
2.427e+02 2.890e+02 4.636e+01 3.981e+01 1.284e+02 1.151e-01 2.290e-01 4.379e-04 1.147e-01 -2.800e-02 1.221e-01
2.426e+02 2.891e+02 4.647e+01 3.966e+01 1.279e+02 1.156e-01 2.298e-01 4.410e-04 1.151e-01 -2.799e-02 1.225e-01
2.426e+02 2.892e+02 4.658e+01 3.951e+01 1.274e+02 1.160e-01 2.306e-01 4.441e-04 1.155e-01 -2.798e-02 1.228e-01
2.425e+02 2.892e+02 4.669e+01 3.935e+01 1.269e+02 1.164e-01 2.315e-01 4.473e-04 1.160e-01 -2.797e-02 1.232e-01
2.425e+02 2.893e+02 4.680e+01 3.920e+01 1.264e+02 1.168e-01 2.323e-01 4.504e-04 1.164e-01 -2.796e-02 1.235e-01
2.424e+02 2.894e+02 4.691e+01 3.905e+01 1.260e+02 1.172e-01 2.331e-01 4.536e-04 1.168e-01 -2.795e-02 1.239e-01
2.424e+02 2.894e+02 4.702e+01 3.889e+01 1.255e+02 1.177e-01 2.340e-01 4.568e-04 1.172e-01 -2.794e-02 1.242e-01
2.424e+02 2.895e+02 4.713e+01 3.874e+01 1.250e+02 1.181e-01 2.348e-01 4.600e-04 1.176e-01 -2.793e-02 1.245e-01
2.423e+02 2.896e+02 4.724e+01 3.858e+01 1.245e+02 1.185e-01 2.357e-01 4.632e-04 1.181e-01 -2.792e-02 1.249e-01
2.423e+02 2.896e+02 4.735e+01 3.843e+01 1.240e+02 1.189e-01 2.365e-01 4.664e-04 1.185e-01 -2.791e-02 1.252e-01
2.422e+02 2.897e+02 4.745e+01 3.828e+01 1.235e+02 1.194e-01 2.373e-01 4.697e-04 1.189e-01 -2.790e-02 1.256e-01
2.422e+02 2.898e+02 4.756e+01 3.812e+01 1.230e+02 1.198e-01 2.382e-01 4.729e-04 1.193e-01 -2.788e-02 1.259e-01
2.422e+02 2.898e+02 4.767e+01 3.797e+01 1.225e+02 1.202e-01 2.390e-01 4.761e-04 1.198e-01 -2.787e-02 1.263e-01
2.421e+02 2.899e+02 4.778e+01 3.782e+01 1.220e+02 1.207e-01 2.399e-01 4.794e-04 1.202e-01 -2.786e-02 1.266e-01
2.421e+02 2.900e+02 4.789e+01 3.766e+01 1.215e+02 1.211e-01 2.408e-01 4.827e-04 1.206e-01 -2.784e-02 1.270e-01
2.421e+02 2.901e+02 4.800e+01 3.751e+01 1.210e+02 1.215e-01 2.416e-01 4.860e-04 1.210e-01 -2.783e-02 1.274e-01
2.420e+02 2.901e+02 4.811e+01 3.735e+01 1.205e+02 1.220e-01 2.425e-01 4.893e-04 1.215e-01 -2.781e-02 1.277e-01
2.420e+02 2.902e+02 4.822e+01 3.720e+01 1.200e+02 1.224e-01 2.433e-01 4.926e-04 1.219e-01 -2.780e-02 1.281e-01
2.420e+02 2.903e+02 4.832e+01 3.705e+01 1.195e+02 1.228e-01 2.442e-01 4.959e-04 1.223e-01 -2.778e-02 1.284e-01
2.420e+02 2.904e+02 4.843e+01 3.689e+01 1.190e+02 1.233e-01 2.451e-01 4.993e-04 1.228e-01 -2.776e-02 1.288e-01
2.419e+02 2.905e+02 4.854e+01 3.674e+01 1.185e+02 1.237e-01 2.459e-01 5.026e-04 1.232e-01 -2.775e-02 1.291e-01
2.419e+02 2.906e+02 4.865e+01 3.659e+01 1.180e+02 1.242e-01 2.468e-01 5.060e-04 1.237e-01 -2.773e-02 1.295e-01
2.419e+02 2.906e+02 4.876e+01 3.643e+01 1.175e+02 1.246e-01 2.477e-01 5.094e-04 1.241e-01 -2.771e-02 1.299e-01
2.419e+02 2.907e+02 4.886e+01 3.628e+01 1.170e+02 1.250e-01 2.486e-01 5.127e-04 1.245e-01 -2.769e-02 1.302e-01
2.418e+02 2.908e+02 4.897e+01 3.613e+01 1.165e+02 1.255e-01 2.494e-01 5.161e-04 1.250e-01 -2.767e-02 1.306e-01
2.418e+02 2.909e+02 4.908e+01 3.597e+01 1.160e+02 1.259e-01 2.503e-01 5.196e-04 1.254e-01 -2.765e-02 1.309e-01
2.418e+02 2.910e+02 4.919e+01 3.582e+01 1.155e+02 1.264e-01 2.512e-01 5.230e-04 1.259e-01 -2.763e-02 1.313e-01
2.418e+02 2.911e+02 4.929e+01 3.566e+01 1.150e+02 1.268e-01 2.521e-01 5.264e-04 1.263e-01 -2.761e-02 1.317e-01
2.418e+02 2.912e+02 4.940e+01 3.551e+01 1.145e+02 1.273e-01 2.530e-01 5.299e-04 1.267e-01 -2.759e-02 1.320e-01
2.418e+02 2.913e+02 4.951e+01 3.536e+01 1.141e+02 1.277e-01 2.539e-01 5.333e-04 1.272e-01 -2.757e-02 1.324e-01
2.417e+02 2.914e+02 4.962e+01 3.520e+01 1.136e+02 1.282e-01 2.548e-01 5.368e-04 1.276e-01 -2.755e-02 1.328e-01
2.417e+02 2.915e+02 4.972e+01 3.505e+01 1.131e+02 1.286e-01 2.556e-01 5.403e-04 1.281e-01 -2.752e-02 1.332e-01
2.417e+02 2.916e+02 4.983e+01 3.490e+01 1.126e+02 1.291e-01 2.565e-01 5.438e-04 1.285e-01 -2.750e-02 1.335e-01
2.417e+02 2.917e+02 4.994e+01 3.474e+01 1.121e+02 1.295e-01 2.575e-01 5.473e-04 1.290e-01 -2.747e-02 1.339e-01
2.417e+02 2.918e+02 5.004e+01 3.459e+01 1.116e+02 1.300e-01 2.584e-01 5.508e-04 1.295e-01 -2.745e-02 1.343e-01
2.417e+02 2.919e+02 5.015e+01 3.443e+01 1.111e+02 1.305e-01 2.593e-01 5.544e-04 1.299e-01 -2.742e-02 1.347e-01
2.417e+02 2.920e+02 5.026e+01 3.428e+01 1.106e+02 1.309e-01 2.602e-01 5.579e-04 1.304e-01 -2.739e-02 1.350e-01
2.417e+02 2.921e+02 5.037e+01 3.413e+01 1.101e+02 1.314e-01 2.611e-01 5.615e-04 1.308e-01 -2.737e-02 1.354e-01
2.417e+02 2.922e+02 5.047e+01 3.397e+01 1.096e+02 1.319e-01 2.620e-01 5.651e-04 1.313e-01 -2.734e-02 1.358e-01
2.417e+02 2.923e+02 5.058e+01 3.382e+01 1.091e+02 1.323e-01 2.629e-01 5.687e-04 1.318e-01 -2.731e-02 1.362e-01
2.417e+02 2.924e+02 5.069e+01 3.367e+01 1.086e+02 1.328e-01 2.639e-01 5.723e-04 1.322e-01 -2.728e-02 1.366e-01
2.417e+02 2.925e+02 5.079e+01 3.351e+01 1.081e+02 1.333e-01 2.648e-01 5.759e-04 1.327e-01 -2.725e-02 1.369e-01
2.417e+02 2.926e+02 5.090e+01 3.336e+01 1.076e+02 1.337e-01 2.657e-01 5.795e-04 1.331e-01 -2.722e-02 1.373e-01
2.417e+02 2.927e+02 5.101e+01 3.321e+01 1.071e+02 1.342e-01 2.667e-01 5.832e-04 1.336e-01 -2.719e-02 1.377e-01
2.417e+02 2.929e+02 5.111e+01 3.305e+01 1.066e+02 1.347e-01 2.676e-01 5.868e-04 1.341e-01 -2.716e-02 1.381e-01
2.418e+02 2.930e+02 5.122e+01 3.290e+01 1.061e+02 1.352e-01 2.685e-01 5.905e-04 1.346e-01 -2.712e-02 1.385e-01
2.418e+02 2.931e+02 5.132e+01 3.274e+01 1.056e+02 1.356e-01 2.695e-01 5.942e-04 1.350e-01 -2.709e-02 1.389e-01
2.418e+02 2.932e+02 5.143e+01 3.259e+01 1.051e+02 1.361e-01 2.704e-01 5.979e-04 1.355e-01 -2.705e-02 1.393e-01
2.418e+02 2.933e+02 5.154e+01 3.244e+01 1.046e+02 1.366e-01 2.714e-01 6.016e-04 1.360e-01 -2.702e-02 1.397e-01
2.418e+02 2.935e+02 5.164e+01 3.228e+01 1.041e+02 1.371e-01 2.723e-01 6.054e-04 1.365e-01 -2.698e-02 1.401e-01
2.418e+02 2.936e+02 5.175e+01 3.213e+01 1.036e+02 1.376e-01 2.733e-01 6.091e-04 1.370e-01 -2.694e-02 1.405e-01
2.419e+02 2.937e+02 5.186e+01 3.198e+01 1.031e+02 1.381e-01 2.743e-01 6.129e-04 1.374e-01 -2.691e-02 1.409e-01
2.419e+02 2.938e+02 5.196e+01 3.182e+01 1.027e+02 1.385e-01 2.752e-01 6.167e-04 1.379e-01 -2.687e-02 1.413e-01
2.419e+02 2.940e+02 5.207e+01 3.167e+01 1.022e+02 1.390e-01 2.762e-01 6.205e-04 1.384e-01 -2.683e-02 1.417e-01
2.419e+02 2.941e+02 5.218e+01 3.151e+01 1.017e+02 1.395e-01 2.772e-01 6.243e-04 1.389e-01 -2.679e-02 1.421e-01
2.420e+02 2.942e+02 5.228e+01 3.136e+01 1.012e+02 1.400e-01 2.782e-01 6.281e-04 1.394e-01 -2.675e-02 1.425e-01
2.420e+02 2.944e+02 5.239e+01 3.121e+01 1.007e+02 1.405e-01 2.792e-01 6.319e-04 1.399e-01 -2.670e-02 1.429e-01
2.420e+02 2.945e+02 5.249e+01 3.105e+01 1.002e+02 1.410e-01 2.802e-01 6.358e-04 1.404e-01 -2.666e-02 1.433e-01
2.421e+02 2.947e+02 5.260e+01 3.090e+01 9.968e+01 1.415e-01 2.812e-01 6.397e-04 1.409e-01 -2.661e-02 1.438e-01
2.421e+02 2.948e+02 5.271e+01 3.075e+01 9.918e+01 1.420e-01 2.822e-01 6.435e-04 1.414e-01 -2.657e-02 1.442e-01
2.421e+02 2.949e+02 5.281e+01 3.059e+01 9.868e+01 1.426e-01 2.832e-01 6.474e-04 1.419e-01 -2.652e-02 1.446e-01
2.422e+02 2.951e+02 5.292e+01 3.044e+01 9.819e+01 1.431e-01 2.842e-01 6.514e-04 1.424e-01 -2.648e-02 1.450e-01
2.422e+02 2.952e+02 5.303e+01 3.028e+01 9.769e+01 1.436e-01 2.852e-01 6.553e-04 1.429e-01 -2.643e-02 1.454e-01
2.423e+02 2.954e+02 5.313e+01 3.013e+01 9.720e+01 1.441e-01 2.862e-01 6.593e-04 1.434e-01 -2.638e-02 1.459e-01
2.423e+02 2.955e+02 5.324e+01 2.998e+01 9.670e+01 1.446e-01 2.872e-01 6.632e-04 1.440e-01 -2.633e-02 1.463e-01
2.424e+02 2.957e+02 5.335e+01 2.982e+01 9.621e+01 1.451e-01 2.883e-01 6.672e-04 1.445e-01 -2.628e-02 1.467e-01
2.424e+02 2.959e+02 5.345e+01 2.967e+01 9.571e+01 1.457e-01 2.893e-01 6.712e-04 1.450e-01 -2.622e-02 1.472e-01
2.425e+02 2.960e+02 5.356e+01 2.952e+01 9.521e+01 1.462e-01 2.904e-01 6.753e-04 1.455e-01 -2.617e-02 1.476e-01
2.425e+02 2.962e+02 5.367e+01 2.936e+01 9.472e+01 1.467e-01 2.914e-01 6.793e-04 1.460e-01 -2.611e-02 1.480e-01
2.426e+02 2.963e+02 5.377e+01 2.921e+01 9.422e+01 1.473e-01 2.925e-01 6.834e-04 1.466e-01 -2.606e-02 1.485e-01
2.426e+02 2.965e+02 5.388e+01 2.906e+01 9.373e+01 1.478e-01 2.935e-01 6.874e-04 1.471e-01 -2.600e-02 1.489e-01
2.427e+02 2.967e+02 5.399e+01 2.890e+01 9.323e+01 1.483e-01 2.946e-01 6.915e-04 1.476e-01 -2.594e-02 1.494e-01
2.427e+02 2.968e+02 5.409e+01 2.875e+01 9.274e+01 1.489e-01 2.957e-01 6.957e-04 1.482e-01 -2.588e-02 1.498e-01
2.428e+02 2.970e+02 5.420e+01 2.859e+01 9.224e+01 1.494e-01 2.968e-01 6.998e-04 1.487e-01 -2.582e-02 1.503e-01
2.429e+02 2.972e+02 5.431e+01 2.844e+01 9.174e+01 1.500e-01 2.978e-01 7.040e-04 1.493e-01 -2.576e-02 1.507e-01
2.430e+02 2.974e+02 5.442e+01 2.829e+01 9.125e+01 1.505e-01 2.989e-01 7.081e-04 1.498e-01 -2.570e-02 1.512e-01
2.430e+02 2.975e+02 5.452e+01 2.813e+01 9.075e+01 1.511e-01 3.000e-01 7.123e-04 1.504e-01 -2.563e-02 1.517e-01
2.431e+02 2.977e+02 5.463e+01 2.798e+01 9.026e+01 1.517e-01 3.012e-01 7.166e-04 1.509e-01 -2.557e-02 1.521e-01
2.432e+02 2.979e+02 5.474e+01 2.783e+01 8.976e+01 1.522e-01 3.023e-01 7.208e-04 1.515e-01 -2.550e-02 1.526e-01
2.433e+02 2.981e+02 5.485e+01 2.767e+01 8.927e+01 1.528e-01 3.034e-01 7.251e-04 1.521e-01 -2.543e-02 1.531e-01
2.433e+02 2.983e+02 5.495e+01 2.752e+01 8.877e+01 1.534e-01 3.045e-01 7.294e-04 1.526e-01 -2.536e-02 1.536e-01
2.434e+02 2.985e+02 5.506e+01 2.736e+01 8.827e+01 1.539e-01 3.057e-01 7.337e-04 1.532e-01 -2.529e-02 1.540e-01
2.435e+02 2.987e+02 5.517e+01 2.721e+01 8.778e+01 1.545e-01 3.068e-01 7.380e-04 1.538e-01 -2.522e-02 1.545e-01
2.436e+02 2.989e+02 5.528e+01 2.706e+01 8.728e+01 1.551e-01 3.080e-01 7.424e-04 1.544e-01 -2.514e-02 1.550e-01
2.437e+02 2.991e+02 5.539e+01 2.690e+01 8.679e+01 1.557e-01 3.091e-01 7.467e-04 1.549e-01 -2.507e-02 1.555e-01
2.438e+02 2.993e+02 5.549e+01 2.675e+01 8.629e+01 1.563e-01 3.103e-01 7.511e-04 1.555e-01 -2.499e-02 1.560e-01
2.439e+02 2.995e+02 5.560e+01 2.660e+01 8.579e+01 1.569e-01 3.115e-01 7.556e-04 1.561e-01 -2.491e-02 1.565e-01
2.440e+02 2.997e+02 5.571e+01 2.644e+01 8.530e+01 1.575e-01 3.127e-01 7.600e-04 1.567e-01 -2.483e-02 1.570e-01
2.441e+02 2.999e+02 5.582e+01 2.629e+01 8.480e+01 1.581e-01 3.139e-01 7.645e-04 1.573e-01 -2.475e-02 1.575e-01
2.442e+02 3.001e+02 5.593e+01 2.614e+01 8.431e+01 1.587e-01 3.151e-01 7.690e-04 1.579e-01 -2.467e-02 1.580e-01
2.443e+02 3.003e+02 5.604e+01 2.598e+01 8.381e+01 1.593e-01 3.163e-01 7.735e-04 1.585e-01 -2.458e-02 1.585e-01
2.444e+02 3.005e+02 5.615e+01 2.583e+01 8.332e+01 1.599e-01 3.175e-01 7.781e-04 1.591e-01 -2.449e-02 1.590e-01
2.445e+02 3.008e+02 5.626e+01 2.567e+01 8.282e+01 1.605e-01 3.187e-01 7.826e-04 1.598e-01 -2.441e-02 1.596e-01
2.446e+02 3.010e+02 5.637e+01 2.552e+01 8.232e+01 1.612e-01 3.200e-01 7.873e-04 1.604e-01 -2.431e-02 1.601e-01
2.447e+02 3.012e+02 5.648e+01 2.537e+01 8.183e+01 1.618e-01 3.212e-01 7.919e-04 1.610e-01 -2.422e-02 1.606e-01
2.449e+02 3.014e+02 5.659e+01 2.521e+01 8.133e+01 1.624e-01 3.225e-01 7.966e-04 1.617e-01 -2.413e-02 1.612e-01
2.450e+02 3.017e+02 5.670e+01 2.506e+01 8.084e+01 1.631e-01 3.238e-01 8.013e-04 1.623e-01 -2.403e-02 1.617e-01
2.451e+02 3.019e+02 5.681e+01 2.491e+01 8.034e+01 1.637e-01 3.251e-01 8.060e-04 1.629e-01 -2.393e-02 1.623e-01
2.452e+02 3.022e+02 5.693e+01 2.475e+01 7.985e+01 1.644e-01 3.264e-01 8.107e-04 1.636e-01 -2.383e-02 1.628e-01
2.454e+02 3.024e+02 5.704e+01 2.460e+01 7.935e+01 1.651e-01 3.277e-01 8.155e-04 1.642e-01 -2.373e-02 1.634e-01
2.455e+02 3.027e+02 5.715e+01 2.444e+01 7.885e+01 1.657e-01 3.290e-01 8.203e-04 1.649e-01 -2.363e-02 1.639e-01
2.456e+02 3.029e+02 5.726e+01 2.429e+01 7.836e+01 1.664e-01 3.303e-01 8.252e-04 1.656e-01 -2.352e-02 1.645e-01
2.458e+02 3.032e+02 5.737e+01 2.414e+01 7.786e+01 1.671e-01 3.317e-01 8.301e-04 1.663e-01 -2.341e-02 1.651e-01
2.459e+02 3.034e+02 5.749e+01 2.398e+01 7.737e+01 1.678e-01 3.330e-01 8.350e-04 1.669e-01 -2.330e-02 1.657e-01
2.461e+02 3.037e+02 5.760e+01 2.383e+01 7.687e+01 1.685e-01 3.344e-01 8.399e-04 1.676e-01 -2.319e-02 1.662e-01
2.462e+02 3.039e+02 5.771e+01 2.368e+01 7.637e+01 1.692e-01 3.358e-01 8.449e-04 1.683e-01 -2.308e-02 1.668e-01
2.464e+02 3.042e+02 5.783e+01 2.352e+01 7.588e+01 1.699e-01 3.372e-01 8.500e-04 1.690e-01 -2.296e-02 1.674e-01
2.466e+02 3.045e+02 5.794e+01 2.337e+01 7.538e+01 1.706e-01 3.386e-01 8.550e-04 1.697e-01 -2.284e-02 1.680e-01
2.467e+02 3.048e+02 5.806e+01 2.322e+01 7.489e+01 1.713e-01 3.400e-01 8.601e-04 1.704e-01 -2.272e-02 1.687e-01
2.469e+02 3.051e+02 5.817e+01 2.306e+01 7.439e+01 1.720e-01 3.414e-01 8.653e-04 1.712e-01 -2.259e-02 1.693e-01
2.470e+02 3.053e+02 5.829e+01 2.291e+01 7.390e+01 1.728e-01 3.429e-01 8.704e-04 1.719e-01 -2.246e-02 1.699e-01
2.472e+02 3.056e+02 5.841e+01 2.275e+01 7.340e+01 1.735e-01 3.444e-01 8.757e-04 1.726e-01 -2.233e-02 1.705e-01
2.474e+02 3.059e+02 5.852e+01 2.260e+01 7.290e+01 1.742e-01 3.459e-01 8.809e-04 1.734e-01 -2.220e-02 1.712e-01
2.476e+02 3.062e+02 5.864e+01 2.245e+01 7.241e+01 1.750e-01 3.473e-01 8.862e-04 1.741e-01 -2.207e-02 1.718e-01
2.478e+02 3.065e+02 5.876e+01 2.229e+01 7.191e+01 1.758e-01 3.489e-01 8.916e-04 1.749e-01 -2.193e-02 1.725e-01
2.480e+02 3.068e+02 5.888e+01 2.214e+01 7.142e+01 1.765e-01 3.504e-01 8.970e-04 1.756e-01 -2.179e-02 1.731e-01
2.481e+02 3.071e+02 5.899e+01 2.199e+01 7.092e+01 1.773e-01 3.519e-01 9.024e-04 1.764e-01 -2.164e-02 1.738e-01
2.483e+02 3.075e+02 5.911e+01 2.183e+01 7.043e+01 1.781e-01 3.535e-01 9.079e-04 1.772e-01 -2.150e-02 1.745e-01
2.485e+02 3.078e+02 5.923e+01 2.168e+01 6.993e+01 1.789e-01 3.551e-01 9.134e-04 1.780e-01 -2.135e-02 1.752e-01
2.488e+02 3.081e+02 5.935e+01 2.152e+01 6.943e+01 1.797e-01 3.567e-01 9.190e-04 1.788e-01 -2.119e-02 1.759e-01
2.490e+02 3.084e+02 5.947e+01 2.137e+01 6.894e+01 1.805e-01 3.583e-01 9.246e-04 1.796e-01 -2.104e-02 1.766e-01
2.492e+02 3.088e+02 5.960e+01 2.122e+01 6.844e+01 1.814e-01 3.600e-01 9.303e-04 1.804e-01 -2.088e-02 1.773e-01
2.494e+02 3.091e+02 5.972e+01 2.106e+01 6.795e+01 1.822e-01 3.616e-01 9.361e-04 1.813e-01 -2.072e-02 1.780e-01
2.496e+02 3.095e+02 5.984e+01 2.091e+01 6.745e+01 1.831e-01 3.633e-01 9.418e-04 1.821e-01 -2.055e-02 1.787e-01
2.498e+02 3.098e+02 5.997e+01 2.076e+01 6.696e+01 1.839e-01 3.650e-01 9.477e-04 1.830e-01 -2.038e-02 1.795e-01
2.501e+02 3.102e+02 6.009e+01 2.060e+01 6.646e+01 1.848e-01 3.667e-01 9.536e-04 1.838e-01 -2.021e-02 1.802e-01
2.503e+02 3.105e+02 6.021e+01 2.045e+01 6.596e+01 1.857e-01 3.685e-01 9.596e-04 1.847e-01 -2.003e-02 1.810e-01
2.506e+02 3.109e+02 6.034e+01 2.030e+01 6.547e+01 1.866e-01 3.702e-01 9.656e-04 1.856e-01 -1.985e-02 1.818e-01
2.508e+02 3.113e+02 6.047e+01 2.014e+01 6.497e+01 1.875e-01 3.720e-01 9.717e-04 1.865e-01 -1.966e-02 1.825e-01
2.511e+02 3.117e+02 6.059e+01 1.999e+01 6.448e+01 1.884e-01 3.738e-01 9.778e-04 1.874e-01 -1.947e-02 1.833e-01
2.513e+02 3.120e+02 6.072e+01 1.983e+01 6.398e+01 1.893e-01 3.757e-01 9.840e-04 1.883e-01 -1.928e-02 1.841e-01
2.516e+02 3.124e+02 6.085e+01 1.968e+01 6.348e+01 1.902e-01 3.775e-01 9.903e-04 1.893e-01 -1.908e-02 1.850e-01
2.518e+02 3.128e+02 6.098e+01 1.953e+01 6.299e+01 1.912e-01 3.794e-01 9.967e-04 1.902e-01 -1.888e-02 1.858e-01
2.521e+02 3.132e+02 6.111e+01 1.937e+01 6.249e+01 1.922e-01 3.813e-01 1.003e-03 1.912e-01 -1.867e-02 1.866e-01
2.524e+02 3.136e+02 6.124e+01 1.922e+01 6.200e+01 1.931e-01 3.833e-01 1.010e-03 1.921e-01 -1.846e-02 1.875e-01
2.527e+02 3.141e+02 6.138e+01 1.907e+01 6.150e+01 1.941e-01 3.852e-01 1.016e-03 1.931e-01 -1.825e-02 1.883e-01
2.530e+02 3.145e+02 6.151e+01 1.891e+01 6.101e+01 1.951e-01 3.872e-01 1.023e-03 1.941e-01 -1.803e-02 1.892e-01
2.533e+02 3.149e+02 6.164e+01 1.876e+01 6.051e+01 1.962e-01 3.892e-01 1.030e-03 1.951e-01 -1.780e-02 1.901e-01
2.536e+02 3.154e+02 6.178e+01 1.860e+01 6.001e+01 1.972e-01 3.913e-01 1.036e-03 1.962e-01 -1.757e-02 1.910e-01
2.539e+02 3.158e+02 6.192e+01 1.845e+01 5.952e+01 1.983e-01 3.934e-01 1.043e-03 1.972e-01 -1.733e-02 1.920e-01
2.542e+02 3.163e+02 6.205e+01 1.830e+01 5.902e+01 1.993e-01 3.955e-01 1.050e-03 1.983e-01 -1.709e-02 1.929e-01
2.545e+02 3.167e+02 6.219e+01 1.814e+01 5.853e+01 2.004e-01 3.977e-01 1.057e-03 1.994e-01 -1.685e-02 1.939e-01
2.549e+02 3.172e+02 6.233e+01 1.799e+01 5.803e+01 2.015e-01 3.998e-01 1.064e-03 2.005e-01 -1.659e-02 1.948e-01
2.552e+02 3.177e+02 6.247e+01 1.784e+01 5.754e+01 2.026e-01 4.021e-01 1.072e-03 2.016e-01 -1.633e-02 1.958e-01
2.555e+02 3.181e+02 6.262e+01 1.768e+01 5.704e+01 2.038e-01 4.043e-01 1.079e-03 2.027e-01 -1.607e-02 1.968e-01
2.559e+02 3.186e+02 6.276e+01 1.753e+01 5.654e+01 2.049e-01 4.066e-01 1.086e-03 2.038e-01 -1.580e-02 1.979e-01
2.562e+02 3.191e+02 6.290e+01 1.737e+01 5.605e+01 2.061e-01 4.089e-01 1.094e-03 2.050e-01 -1.552e-02 1.989e-01
2.566e+02 3.196e+02 6.305e+01 1.722e+01 5.555e+01 2.073e-01 4.113e-01 1.102e-03 2.062e-01 -1.524e-02 2.000e-01
2.570e+02 3.202e+02 6.320e+01 1.707e+01 5.506e+01 2.085e-01 4.137e-01 1.109e-03 2.074e-01 -1.495e-02 2.011e-01
2.573e+02 3.207e+02 6.335e+01 1.691e+01 5.456e+01 2.098e-01 4.162e-01 1.117e-03 2.086e-01 -1.465e-02 2.022e-01
2.577e+02 3.212e+02 6.350e+01 1.676e+01 5.406e+01 2.110e-01 4.187e-01 1.125e-03 2.099e-01 -1.434e-02 2.033e-01
2.581e+02 3.218e+02 6.365e+01 1.661e+01 5.357e+01 2.123e-01 4.212e-01 1.133e-03 2.112e-01 -1.403e-02 2.044e-01
2.585e+02 3.223e+02 6.380e+01 1.645e+01 5.307e+01 2.136e-01 4.238e-01 1.142e-03 2.125e-01 -1.371e-02 2.056e-01
2.589e+02 3.229e+02 6.396e+01 1.630e+01 5.258e+01 2.149e-01 4.264e-01 1.150e-03 2.138e-01 -1.338e-02 2.068e-01
2.594e+02 3.235e+02 6.412e+01 1.615e+01 5.208e+01 2.163e-01 4.291e-01 1.159e-03 2.151e-01 -1.304e-02 2.080e-01
2.598e+02 3.241e+02 6.428e+01 1.599e+01 5.159e+01 2.177e-01 4.318e-01 1.167e-03 2.165e-01 -1.269e-02 2.093e-01
2.602e+02 3.247e+02 6.444e+01 1.584e+01 5.109e+01 2.191e-01 4.346e-01 1.176e-03 2.179e-01 -1.234e-02 2.105e-01
2.607e+02 3.253e+02 6.460e+01 1.568e+01 5.059e+01 2.205e-01 4.374e-01 1.185e-03 2.193e-01 -1.197e-02 2.118e-01
2.611e+02 3.259e+02 6.476e+01 1.553e+01 5.010e+01 2.220e-01 4.403e-01 1.194e-03 2.208e-01 -1.160e-02 2.131e-01
2.616e+02 3.265e+02 6.493e+01 1.538e+01 4.960e+01 2.234e-01 4.433e-01 1.203e-03 2.222e-01 -1.122e-02 2.145e-01
2.621e+02 3.272e+02 6.510e+01 1.522e+01 4.911e+01 2.250e-01 4.463e-01 1.213e-03 2.238e-01 -1.082e-02 2.159e-01
2.626e+02 3.278e+02 6.527e+01 1.507e+01 4.861e+01 2.265e-01 4.494e-01 1.222e-03 2.253e-01 -1.042e-02 2.173e-01
2.631e+02 3.285e+02 6.544e+01 1.492e+01 4.812e+01 2.281e-01 4.525e-01 1.232e-03 2.269e-01 -1.000e-02 2.187e-01
2.636e+02 3.292e+02 6.562e+01 1.476e+01 4.762e+01 2.297e-01 4.557e-01 1.242e-03 2.285e-01 -9.576e-03 2.202e-01
2.641e+02 3.299e+02 6.580e+01 1.461e+01 4.712e+01 2.314e-01 4.590e-01 1.252e-03 2.301e-01 -9.137e-03 2.217e-01
2.646e+02 3.306e+02 6.598e+01 1.445e+01 4.663e+01 2.330e-01 4.623e-01 1.262e-03 2.318e-01 -8.686e-03 2.233e-01
2.652e+02 3.313e+02 6.616e+01 1.430e+01 4.613e+01 2.348e-01 4.657e-01 1.273e-03 2.335e-01 -8.222e-03 2.249e-01
2.657e+02 3.321e+02 6.634e+01 1.415e+01 4.564e+01 2.365e-01 4.692e-01 1.283e-03 2.352e-01 -7.746e-03 2.265e-01
2.663e+02 3.328e+02 6.653e+01 1.399e+01 4.514e+01 2.383e-01 4.728e-01 1.294e-03 2.370e-01 -7.255e-03 2.281e-01
2.669e+02 3.336e+02 6.672e+01 1.384e+01 4.465e+01 2.402e-01 4.764e-01 1.306e-03 2.389e-01 -6.750e-03 2.298e-01
2.675e+02 3.344e+02 6.691e+01 1.369e+01 4.415e+01 2.420e-01 4.801e-01 1.317e-03 2.407e-01 -6.231e-03 2.316e-01
2.681e+02 3.352e+02 6.711e+01 1.353e+01 4.365e+01 2.440e-01 4.839e-01 1.329e-03 2.426e-01 -5.696e-03 2.334e-01
2.687e+02 3.360e+02 6.731e+01 1.338e+01 4.316e+01 2.459e-01 4.879e-01 1.340e-03 2.446e-01 -5.145e-03 2.352e-01
2.693e+02 3.368e+02 6.751e+01 1.323e+01 4.266e+01 2.480e-01 4.919e-01 1.353e-03 2.466e-01 -4.577e-03 2.371e-01
2.700e+02 3.377e+02 6.772e+01 1.307e+01 4.217e+01 2.500e-01 4.960e-01 1.365e-03 2.487e-01 -3.992e-03 2.391e-01
2.706e+02 3.386e+02 6.793e+01 1.292e+01 4.167e+01 2.521e-01 5.002e-01 1.378e-03 2.508e-01 -3.389e-03 2.411e-01
2.713e+02 3.395e+02 6.814e+01 1.276e+01 4.117e+01 2.543e-01 5.045e-01 1.391e-03 2.529e-01 -2.767e-03 2.431e-01
2.720e+02 3.404e+02 6.836e+01 1.261e+01 4.068e+01 2.565e-01 5.089e-01 1.404e-03 2.551e-01 -2.125e-03 2.452e-01
2.727e+02 3.413e+02 6.858e+01 1.246e+01 4.018e+01 2.588e-01 5.134e-01 1.418e-03 2.574e-01 -1.463e-03 2.474e-01
2.735e+02 3.423e+02 6.880e+01 1.230e+01 3.969e+01 2.612e-01 5.181e-01 1.431e-03 2.598e-01 -7.787e-04 2.496e-01
2.742e+02 3.432e+02 6.903e+01 1.215e+01 3.919e+01 2.636e-01 5.229e-01 1.446e-03 2.622e-01 -7.248e-05 2.519e-01
2.750e+02 3.442e+02 6.926e+01 1.200e+01 3.870e+01 2.661e-01 5.278e-01 1.460e-03 2.646e-01 6.572e-04 2.543e-01
2.758e+02 3.453e+02 6.950e+01 1.184e+01 3.820e+01 2.686e-01 5.328e-01 1.475e-03 2.671e-01 1.412e-03 2.567e-01
2.766e+02 3.463e+02 6.974e+01 1.169e+01 3.770e+01 2.712e-01 5.380e-01 1.491e-03 2.697e-01 2.192e-03 2.592e-01
2.774e+02 3.474e+02 6.999e+01 1.153e+01 3.721e+01 2.739e-01 5.433e-01 1.507e-03 2.724e-01 2.999e-03 2.618e-01
2.783e+02 3.485e+02 7.024e+01 1.138e+01 3.671e+01 2.767e-01 5.488e-01 1.523e-03 2.752e-01 3.834e-03 2.645e-01
2.791e+02 3.496e+02 7.049e+01 1.123e+01 3.622e+01 2.796e-01 5.545e-01 1.540e-03 2.780e-01 4.699e-03 2.673e-01
2.800e+02 3.508e+02 7.076e+01 1.107e+01 3.572e+01 2.825e-01 5.603e-01 1.557e-03 2.809e-01 5.595e-03 2.702e-01
2.809e+02 3.520e+02 7.102e+01 1.092e+01 3.523e+01 2.855e-01 5.663e-01 1.575e-03 2.839e-01 6.523e-03 2.731e-01
2.819e+02 3.532e+02 7.130e+01 1.077e+01 3.473e+01 2.886e-01 5.725e-01 1.593e-03 2.870e-01 7.486e-03 2.762e-01
2.828e+02 3.544e+02 7.158e+01 1.061e+01 3.423e+01 2.919e-01 5.789e-01 1.612e-03 2.902e-01 8.486e-03 2.793e-01
2.838e+02 3.557e+02 7.186e+01 1.046e+01 3.374e+01 2.952e-01 5.855e-01 1.631e-03 2.935e-01 9.523e-03 2.826e-01
2.849e+02 3.570e+02 7.215e+01 1.031e+01 3.324e+01 2.986e-01 5.923e-01 1.651e-03 2.970e-01 1.060e-02 2.860e-01
2.859e+02 3.584e+02 7.245e+01 1.015e+01 3.275e+01 3.022e-01 5.993e-01 1.672e-03 3.005e-01 1.172e-02 2.896e-01
2.870e+02 3.597e+02 7.276e+01 9.998e+00 3.225e+01 3.058e-01 6.066e-01 1.693e-03 3.041e-01 1.288e-02 2.932e-01
2.881e+02 3.612e+02 7.307e+01 9.844e+00 3.176e+01 3.096e-01 6.141e-01 1.715e-03 3.079e-01 1.410e-02 2.970e-01
2.892e+02 3.626e+02 7.339e+01 9.690e+00 3.126e+01 3.135e-01 6.219e-01 1.737e-03 3.118e-01 1.536e-02 3.010e-01
2.904e+02 3.641e+02 7.372e+01 9.537e+00 3.076e+01 3.176e-01 6.299e-01 1.761e-03 3.158e-01 1.667e-02 3.051e-01
2.916e+02 3.657e+02 7.406e+01 9.383e+00 3.027e+01 3.218e-01 6.383e-01 1.785e-03 3.200e-01 1.804e-02 3.094e-01
2.929e+02 3.673e+02 7.440e+01 9.229e+00 2.977e+01 3.262e-01 6.469e-01 1.810e-03 3.244e-01 1.947e-02 3.138e-01
2.942e+02 3.689e+02 7.476e+01 9.076e+00 2.928e+01 3.307e-01 6.559e-01 1.836e-03 3.289e-01 2.097e-02 3.184e-01
2.955e+02 3.706e+02 7.512e+01 8.922e+00 2.878e+01 3.354e-01 6.653e-01 1.863e-03 3.336e-01 2.253e-02 3.233e-01
2.969e+02 3.724e+02 7.550e+01 8.768e+00 2.828e+01 3.403e-01 6.750e-01 1.891e-03 3.384e-01 2.416e-02 3.283e-01
2.983e+02 3.742e+02 7.588e+01 8.615e+00 2.779e+01 3.454e-01 6.850e-01 1.921e-03 3.435e-01 2.587e-02 3.336e-01
2.997e+02 3.760e+02 7.628e+01 8.461e+00 2.729e+01 3.507e-01 6.955e-01 1.951e-03 3.487e-01 2.765e-02 3.391e-01
3.012e+02 3.779e+02 7.669e+01 8.307e+00 2.680e+01 3.562e-01 7.065e-01 1.983e-03 3.542e-01 2.953e-02 3.449e-01
3.028e+02 3.799e+02 7.711e+01 8.153e+00 2.630e+01 3.620e-01 7.179e-01 2.015e-03 3.599e-01 3.150e-02 3.510e-01
3.044e+02 3.820e+02 7.755e+01 8.000e+00 2.581e+01 3.680e-01 7.298e-01 2.050e-03 3.659e-01 3.356e-02 3.573e-01
3.061e+02 3.841e+02 7.799e+01 7.846e+00 2.531e+01 3.742e-01 7.422e-01 2.085e-03 3.721e-01 3.574e-02 3.640e-01
3.078e+02 3.863e+02 7.846e+01 7.692e+00 2.481e+01 3.808e-01 7.552e-01 2.123e-03 3.787e-01 3.803e-02 3.710e-01
3.096e+02 3.885e+02 7.894e+01 7.539e+00 2.432e+01 3.876e-01 7.688e-01 2.162e-03 3.855e-01 4.044e-02 3.784e-01
3.114e+02 3.909e+02 7.943e+01 7.385e+00 2.382e+01 3.948e-01 7.830e-01 2.203e-03 3.926e-01 4.298e-02 3.862e-01
3.133e+02 3.933e+02 7.994e+01 7.231e+00 2.333e+01 4.023e-01 7.979e-01 2.245e-03 4.001e-01 4.566e-02 3.944e-01
3.153e+02 3.958e+02 8.047e+01 7.078e+00 2.283e+01 4.102e-01 8.136e-01 2.290e-03 4.079e-01 4.850e-02 4.031e-01
3.174e+02 3.984e+02 8.102e+01 6.924e+00 2.234e+01 4.185e-01 8.301e-01 2.337e-03 4.162e-01 5.151e-02 4.122e-01
3.195e+02 4.011e+02 8.159e+01 6.770e+00 2.184e+01 4.273e-01 8.474e-01 2.387e-03 4.249e-01 5.470e-02 4.219e-01
3.218e+02 4.040e+02 8.218e+01 6.617e+00 2.134e+01 4.365e-01 8.656e-01 2.439e-03 4.340e-01 5.808e-02 4.322e-01
3.241e+02 4.069e+02 8.279e+01 6.463e+00 2.085e+01 4.462e-01 8.849e-01 2.494e-03 4.437e-01 6.168e-02 4.432e-01
3.265e+02 4.100e+02 8.343e+01 6.309e+00 2.035e+01 4.564e-01 9.052e-01 2.552e-03 4.539e-01 6.551e-02 4.548e-01
3.291e+02 4.131e+02 8.409e+01 6.155e+00 1.986e+01 4.673e-01 9.267e-01 2.613e-03 4.646e-01 6.960e-02 4.672e-01
3.317e+02 4.165e+02 8.478e+01 6.002e+00 1.936e+01 4.787e-01 9.494e-01 2.678e-03 4.761e-01 7.396e-02 4.805e-01
3.344e+02 4.199e+02 8.550e+01 5.848e+00 1.886e+01 4.909e-01 9.736e-01 2.747e-03 4.882e-01 7.864e-02 4.946e-01
3.373e+02 4.236e+02 8.625e+01 5.694e+00 1.837e+01 5.039e-01 9.993e-01 2.820e-03 5.010e-01 8.365e-02 5.098e-01
3.403e+02 4.274e+02 8.704e+01 5.541e+00 1.787e+01 5.176e-01 1.027e+00 2.898e-03 5.147e-01 8.904e-02 5.261e-01
3.435e+02 4.313e+02 8.786e+01 5.387e+00 1.738e+01 5.323e-01 1.056e+00 2.981e-03 5.294e-01 9.484e-02 5.437e-01
3.468e+02 4.355e+02 8.872e+01 5.233e+00 1.688e+01 5.481e-01 1.087e+00 3.070e-03 5.450e-01 1.011e-01 5.626e-01
3.503e+02 4.399e+02 8.963e+01 5.080e+00 1.639e+01 5.649e-01 1.120e+00 3.165e-03 5.617e-01 1.079e-01 5.831e-01
3.539e+02 4.445e+02 9.058e+01 4.926e+00 1.589e+01 5.829e-01 1.156e+00 3.266e-03 5.797e-01 1.152e-01 6.053e-01
3.578e+02 4.494e+02 9.158e+01 4.772e+00 1.539e+01 6.023e-01 1.195e+00 3.376e-03 5.990e-01 1.232e-01 6.294e-01
3.619e+02 4.545e+02 9.263e+01 4.619e+00 1.490e+01 6.233e-01 1.236e+00 3.494e-03 6.198e-01 1.320e-01 6.557e-01
3.662e+02 4.599e+02 9.375e+01 4.465e+00 1.440e+01 6.459e-01 1.281e+00 3.621e-03 6.423e-01 1.415e-01 6.845e-01
3.707e+02 4.656e+02 9.492e+01 4.311e+00 1.391e+01 6.704e-01 1.330e+00 3.760e-03 6.667e-01 1.520e-01 7.160e-01
3.756e+02 4.717e+02 9.617e+01 4.158e+00 1.341e+01 6.971e-01 1.383e+00 3.910e-03 6.932e-01 1.635e-01 7.508e-01
3.807e+02 4.782e+02 9.750e+01 4.004e+00 1.292e+01 7.263e-01 1.440e+00 4.074e-03 7.222e-01 1.763e-01 7.893e-01
3.862e+02 4.851e+02 9.891e+01 3.850e+00 1.242e+01 7.581e-01 1.504e+00 4.253e-03 7.539e-01 1.905e-01 8.320e-01
3.920e+02 4.924e+02 1.004e+02 3.696e+00 1.192e+01 7.932e-01 1.573e+00 4.450e-03 7.887e-01 2.063e-01 8.796e-01
3.982e+02 5.003e+02 1.020e+02 3.543e+00 1.143e+01 8.319e-01 1.650e+00 4.668e-03 8.272e-01 2.241e-01 9.330e-01
4.050e+02 5.087e+02 1.038e+02 3.389e+00 1.093e+01 8.748e-01 1.735e+00 4.909e-03 8.698e-01 2.441e-01 9.931e-01
4.122e+02 5.178e+02 1.056e+02 3.235e+00 1.044e+01 9.225e-01 1.830e+00 5.178e-03 9.173e-01 2.668e-01 1.061e+00
4.200e+02 5.276e+02 1.076e+02 3.082e+00 9.941e+00 9.760e-01 1.936e+00 5.478e-03 9.705e-01 2.927e-01 1.139e+00
4.284e+02 5.382e+02 1.098e+02 2.928e+00 9.445e+00 1.036e+00 2.055e+00 5.817e-03 1.030e+00 3.224e-01 1.228e+00
4.376e+02 5.498e+02 1.122e+02 2.774e+00 8.949e+00 1.105e+00 2.191e+00 6.201e-03 1.098e+00 3.568e-01 1.332e+00
4.477e+02 5.624e+02 1.147e+02 2.621e+00 8.454e+00 1.183e+00 2.345e+00 6.640e-03 1.176e+00 3.970e-01 1.452e+00
4.587e+02 5.763e+02 1.176e+02 2.467e+00 7.958e+00 1.273e+00 2.524e+00 7.145e-03 1.265e+00 4.444e-01 1.595e+00
4.710e+02 5.917e+02 1.207e+02 2.313e+00 7.462e+00 1.377e+00 2.731e+00 7.732e-03 1.369e+00 5.008e-01 1.764e+00
4.845e+02 6.087e+02 1.242e+02 2.160e+00 6.966e+00 1.500e+00 2.974e+00 8.420e-03 1.491e+00 5.690e-01 1.969e+00
4.997e+02 6.278e+02 1.281e+02 2.006e+00 6.470e+00 1.645e+00 3.263e+00 9.239e-03 1.636e+00 6.524e-01 2.219e+00
5.169e+02 6.494e+02 1.325e+02 1.852e+00 5.975e+00 1.821e+00 3.610e+00 1.022e-02 1.810e+00 7.562e-01 2.531e+00
5.364e+02 6.739e+02 1.375e+02 1.698e+00 5.479e+00 2.035e+00 4.036e+00 1.143e-02 2.024e+00 8.878e-01 2.926e+00
5.590e+02 7.023e+02 1.433e+02 1.545e+00 4.983e+00 2.303e+00 4.567e+00 1.293e-02 2.290e+00 1.058e+00 3.438e+00
5.853e+02 7.354e+02 1.501e+02 1.391e+00 4.487e+00 2.644e+00 5.244e+00 1.485e-02 2.629e+00 1.286e+00 4.120e+00
6.166e+02 7.747e+02 1.581e+02 1.237e+00 3.992e+00 3.092e+00 6.132e+00 1.737e-02 3.074e+00 1.599e+00 5.060e+00
6.547e+02 8.225e+02 1.678e+02 1.084e+00 3.496e+00 3.700e+00 7.337e+00 2.078e-02 3.679e+00 2.049e+00 6.411e+00
7.020e+02 8.820e+02 1.800e+02 9.300e-01 3.000e+00 4.563e+00 9.049e+00 2.563e-02 4.537e+00 2.732e+00 8.458e+00
