# source=A  g_Δ=1.5g
# integrator=rk4  rstep_km=0.01
# columns=Pc_dimless epsilon_c_mev4 epsilon_c_gev_fm3 radius_km mass_msun stable_flag
3.895583e-13 1.117519e+06 1.454439e-04 8.200000e-01 3.010279e-07 1.000000e+00
4.207230e-13 1.117530e+06 1.454453e-04 8.600000e-01 3.472653e-07 1.000000e+00
4.543808e-13 1.117542e+06 1.454469e-04 8.900000e-01 3.848913e-07 1.000000e+00
4.907313e-13 1.117555e+06 1.454486e-04 9.200000e-01 4.251419e-07 1.000000e+00
5.299898e-13 1.117569e+06 1.454505e-04 9.600000e-01 4.830430e-07 1.000000e+00
5.723889e-13 1.117585e+06 1.454525e-04 1.000000e+00 5.459767e-07 1.000000e+00
6.181801e-13 1.117601e+06 1.454546e-04 1.040000e+00 6.141529e-07 1.000000e+00
6.676345e-13 1.117619e+06 1.454569e-04 1.080000e+00 6.877814e-07 1.000000e+00
7.210452e-13 1.117638e+06 1.454594e-04 1.120000e+00 7.670724e-07 1.000000e+00
7.787288e-13 1.117659e+06 1.454621e-04 1.160000e+00 8.522359e-07 1.000000e+00
8.410271e-13 1.117682e+06 1.454651e-04 1.210000e+00 9.672636e-07 1.000000e+00
9.083093e-13 1.117706e+06 1.454682e-04 1.260000e+00 1.092204e-06 1.000000e+00
9.809740e-13 1.117732e+06 1.454716e-04 1.310000e+00 1.227467e-06 1.000000e+00
1.059452e-12 1.117760e+06 1.454753e-04 1.360000e+00 1.373463e-06 1.000000e+00
1.144208e-12 1.117791e+06 1.454793e-04 1.410000e+00 1.530604e-06 1.000000e+00
1.235745e-12 1.117824e+06 1.454836e-04 1.460000e+00 1.699299e-06 1.000000e+00
1.334604e-12 1.117859e+06 1.454882e-04 1.520000e+00 1.917552e-06 1.000000e+00
1.441373e-12 1.117898e+06 1.454932e-04 1.580000e+00 2.153741e-06 1.000000e+00
1.556683e-12 1.117940e+06 1.454986e-04 1.640000e+00 2.408576e-06 1.000000e+00
1.681217e-12 1.117984e+06 1.455045e-04 1.710000e+00 2.730381e-06 1.000000e+00
1.815715e-12 1.118033e+06 1.455108e-04 1.770000e+00 3.028052e-06 1.000000e+00
1.960972e-12 1.118085e+06 1.455176e-04 1.840000e+00 3.401770e-06 1.000000e+00
2.117849e-12 1.118142e+06 1.455249e-04 1.920000e+00 3.865116e-06 1.000000e+00
2.287277e-12 1.118203e+06 1.455329e-04 1.990000e+00 4.303565e-06 1.000000e+00
2.470260e-12 1.118269e+06 1.455415e-04 2.070000e+00 4.843842e-06 1.000000e+00
2.667880e-12 1.118340e+06 1.455507e-04 2.150000e+00 5.427570e-06 1.000000e+00
2.881311e-12 1.118417e+06 1.455608e-04 2.230000e+00 6.056440e-06 1.000000e+00
3.111816e-12 1.118500e+06 1.455716e-04 2.320000e+00 6.819916e-06 1.000000e+00
3.360761e-12 1.118590e+06 1.455833e-04 2.410000e+00 7.645049e-06 1.000000e+00
3.629622e-12 1.118687e+06 1.455959e-04 2.510000e+00 8.637020e-06 1.000000e+00
3.919991e-12 1.118791e+06 1.456095e-04 2.600000e+00 9.600215e-06 1.000000e+00
4.233591e-12 1.118904e+06 1.456242e-04 2.700000e+00 1.075153e-05 1.000000e+00
4.572278e-12 1.119026e+06 1.456401e-04 2.810000e+00 1.212036e-05 1.000000e+00
4.938060e-12 1.119158e+06 1.456572e-04 2.920000e+00 1.360084e-05 1.000000e+00
5.333105e-12 1.119301e+06 1.456758e-04 3.030000e+00 1.519736e-05 1.000000e+00
5.759753e-12 1.119454e+06 1.456958e-04 3.150000e+00 1.707637e-05 1.000000e+00
6.220534e-12 1.119620e+06 1.457174e-04 3.280000e+00 1.928008e-05 1.000000e+00
6.718176e-12 1.119800e+06 1.457408e-04 3.400000e+00 2.147605e-05 1.000000e+00
7.255631e-12 1.119994e+06 1.457660e-04 3.540000e+00 2.424126e-05 1.000000e+00
7.836081e-12 1.120203e+06 1.457932e-04 3.680000e+00 2.723457e-05 1.000000e+00
8.462967e-12 1.120429e+06 1.458226e-04 3.820000e+00 3.046515e-05 1.000000e+00
9.140005e-12 1.120673e+06 1.458544e-04 3.970000e+00 3.419969e-05 1.000000e+00
9.871205e-12 1.120936e+06 1.458887e-04 4.120000e+00 3.822830e-05 1.000000e+00
1.066090e-11 1.121221e+06 1.459257e-04 4.280000e+00 4.286167e-05 1.000000e+00
1.151377e-11 1.121529e+06 1.459657e-04 4.450000e+00 4.817971e-05 1.000000e+00
1.243488e-11 1.121861e+06 1.460089e-04 4.630000e+00 5.427198e-05 1.000000e+00
1.342967e-11 1.122219e+06 1.460556e-04 4.810000e+00 6.085880e-05 1.000000e+00
1.450404e-11 1.122607e+06 1.461060e-04 4.990000e+00 6.795995e-05 1.000000e+00
1.566436e-11 1.123025e+06 1.461605e-04 5.190000e+00 7.647427e-05 1.000000e+00
1.691751e-11 1.123477e+06 1.462193e-04 5.390000e+00 8.567425e-05 1.000000e+00
1.827091e-11 1.123965e+06 1.462828e-04 5.600000e+00 9.609996e-05 1.000000e+00
1.973259e-11 1.124492e+06 1.463514e-04 5.820000e+00 1.078967e-04 1.000000e+00
2.131119e-11 1.125061e+06 1.464254e-04 6.040000e+00 1.206261e-04 1.000000e+00
2.301609e-11 1.125675e+06 1.465055e-04 6.280000e+00 1.356129e-04 1.000000e+00
2.485737e-11 1.126339e+06 1.465919e-04 6.520000e+00 1.517992e-04 1.000000e+00
2.684596e-11 1.127056e+06 1.466852e-04 6.770000e+00 1.699828e-04 1.000000e+00
2.899364e-11 1.127831e+06 1.467860e-04 7.040000e+00 1.911926e-04 1.000000e+00
3.131313e-11 1.128667e+06 1.468948e-04 7.310000e+00 2.141093e-04 1.000000e+00
3.381818e-11 1.129571e+06 1.470124e-04 7.590000e+00 2.397450e-04 1.000000e+00
3.652364e-11 1.130547e+06 1.471394e-04 7.890000e+00 2.694015e-04 1.000000e+00
3.944553e-11 1.131600e+06 1.472766e-04 8.190000e+00 3.014295e-04 1.000000e+00
4.260117e-11 1.132739e+06 1.474247e-04 8.510000e+00 3.382935e-04 1.000000e+00
4.600926e-11 1.133968e+06 1.475847e-04 8.830000e+00 3.780782e-04 1.000000e+00
4.969001e-11 1.135296e+06 1.477575e-04 9.170000e+00 4.236531e-04 1.000000e+00
5.366521e-11 1.136730e+06 1.479442e-04 9.530000e+00 4.757655e-04 1.000000e+00
5.795842e-11 1.138279e+06 1.481458e-04 9.890000e+00 5.320399e-04 1.000000e+00
6.259510e-11 1.139952e+06 1.483636e-04 1.027000e+01 5.961011e-04 1.000000e+00
6.760270e-11 1.141759e+06 1.485988e-04 1.066000e+01 6.670482e-04 1.000000e+00
7.301092e-11 1.143711e+06 1.488528e-04 1.107000e+01 7.475165e-04 1.000000e+00
7.885179e-11 1.145820e+06 1.491272e-04 1.149000e+01 8.364854e-04 1.000000e+00
8.515994e-11 1.148097e+06 1.494236e-04 1.193000e+01 9.370420e-04 1.000000e+00
9.197273e-11 1.150557e+06 1.497437e-04 1.238000e+01 1.048026e-03 1.000000e+00
9.933055e-11 1.153214e+06 1.500895e-04 1.285000e+01 1.173047e-03 1.000000e+00
1.072770e-10 1.156084e+06 1.504630e-04 1.333000e+01 1.310784e-03 1.000000e+00
1.158592e-10 1.159184e+06 1.508665e-04 1.383000e+01 1.465450e-03 1.000000e+00
1.251279e-10 1.162532e+06 1.513023e-04 1.435000e+01 1.638910e-03 1.000000e+00
1.351381e-10 1.166149e+06 1.517731e-04 1.488000e+01 1.829583e-03 1.000000e+00
1.459492e-10 1.170057e+06 1.522816e-04 1.544000e+01 2.046688e-03 1.000000e+00
1.576251e-10 1.174278e+06 1.528310e-04 1.601000e+01 2.285105e-03 1.000000e+00
1.702351e-10 1.178837e+06 1.534244e-04 1.660000e+01 2.551075e-03 1.000000e+00
1.838539e-10 1.183763e+06 1.540655e-04 1.720000e+01 2.842604e-03 1.000000e+00
1.985622e-10 1.189084e+06 1.547581e-04 1.783000e+01 3.172137e-03 1.000000e+00
2.144472e-10 1.194833e+06 1.555062e-04 1.847000e+01 3.532968e-03 1.000000e+00
2.316030e-10 1.201043e+06 1.563145e-04 1.914000e+01 3.939559e-03 1.000000e+00
2.501312e-10 1.207753e+06 1.571878e-04 1.982000e+01 4.384290e-03 1.000000e+00
2.701417e-10 1.215002e+06 1.581312e-04 2.053000e+01 4.883942e-03 1.000000e+00
2.917531e-10 1.222834e+06 1.591505e-04 2.125000e+01 5.429874e-03 1.000000e+00
3.150933e-10 1.231296e+06 1.602519e-04 2.199000e+01 6.033600e-03 1.000000e+00
3.403008e-10 1.240439e+06 1.614419e-04 2.275000e+01 6.700634e-03 1.000000e+00
3.675248e-10 1.250319e+06 1.627277e-04 2.353000e+01 7.436966e-03 1.000000e+00
3.969268e-10 1.260994e+06 1.641170e-04 2.433000e+01 8.249097e-03 1.000000e+00
4.286810e-10 1.272530e+06 1.656184e-04 2.514000e+01 9.133723e-03 1.000000e+00
4.629754e-10 1.284995e+06 1.672408e-04 2.597000e+01 1.010744e-02 1.000000e+00
5.000135e-10 1.298467e+06 1.689941e-04 2.682000e+01 1.117841e-02 1.000000e+00
5.400146e-10 1.313026e+06 1.708889e-04 2.769000e+01 1.235546e-02 1.000000e+00
5.832157e-10 1.328760e+06 1.729367e-04 2.857000e+01 1.363475e-02 1.000000e+00
6.298730e-10 1.345766e+06 1.751501e-04 2.946000e+01 1.502401e-02 1.000000e+00
6.802628e-10 1.364148e+06 1.775424e-04 3.000000e+01 1.599330e-02 1.000000e+00
7.346838e-10 1.384016e+06 1.801282e-04 3.000000e+01 1.619812e-02 1.000000e+00
7.934586e-10 1.405493e+06 1.829234e-04 3.000000e+01 1.641871e-02 1.000000e+00
8.569352e-10 1.428710e+06 1.859451e-04 3.000000e+01 1.665621e-02 1.000000e+00
9.254901e-10 1.453809e+06 1.892117e-04 3.000000e+01 1.691187e-02 1.000000e+00
9.995293e-10 1.480944e+06 1.927432e-04 3.000000e+01 1.718699e-02 1.000000e+00
1.079492e-09 1.510280e+06 1.965614e-04 3.000000e+01 1.748296e-02 1.000000e+00
1.165851e-09 1.542000e+06 2.006896e-04 3.000000e+01 1.780124e-02 1.000000e+00
1.259119e-09 1.576296e+06 2.051532e-04 3.000000e+01 1.814340e-02 1.000000e+00
1.359849e-09 1.613379e+06 2.099796e-04 3.000000e+01 1.851108e-02 1.000000e+00
1.468636e-09 1.653478e+06 2.151984e-04 3.000000e+01 1.890600e-02 1.000000e+00
1.586127e-09 1.696838e+06 2.208417e-04 3.000000e+01 1.932998e-02 1.000000e+00
1.713018e-09 1.743725e+06 2.269439e-04 3.000000e+01 1.978491e-02 1.000000e+00
1.850059e-09 1.794425e+06 2.335424e-04 3.000000e+01 2.027279e-02 1.000000e+00
1.998064e-09 1.849246e+06 2.406773e-04 3.000000e+01 2.079566e-02 1.000000e+00
2.157909e-09 1.908520e+06 2.483919e-04 3.000000e+01 2.135567e-02 1.000000e+00
2.330541e-09 1.972605e+06 2.567324e-04 3.000000e+01 2.195500e-02 1.000000e+00
2.516985e-09 2.041883e+06 2.657488e-04 3.000000e+01 2.259592e-02 1.000000e+00
2.718343e-09 2.116763e+06 2.754944e-04 3.000000e+01 2.328072e-02 1.000000e+00
2.935811e-09 2.197681e+06 2.860259e-04 3.000000e+01 2.401175e-02 1.000000e+00
3.170676e-09 2.285103e+06 2.974037e-04 3.000000e+01 2.479134e-02 1.000000e+00
3.424330e-09 2.379518e+06 3.096917e-04 3.000000e+01 2.562184e-02 1.000000e+00
3.698276e-09 2.481443e+06 3.229572e-04 3.000000e+01 2.650558e-02 1.000000e+00
3.994138e-09 2.591418e+06 3.372702e-04 3.000000e+01 2.744486e-02 1.000000e+00
4.313669e-09 2.710000e+06 3.527036e-04 3.000000e+01 2.844189e-02 1.000000e+00
4.658763e-09 2.837760e+06 3.693314e-04 3.000000e+01 2.949885e-02 1.000000e+00
5.031464e-09 2.975272e+06 3.872285e-04 3.000000e+01 3.061779e-02 1.000000e+00
5.433981e-09 3.123103e+06 4.064684e-04 3.000000e+01 3.180068e-02 1.000000e+00
5.868700e-09 3.281790e+06 4.271215e-04 3.000000e+01 3.304941e-02 1.000000e+00
6.338196e-09 3.451826e+06 4.492514e-04 3.000000e+01 3.436576e-02 1.000000e+00
6.845251e-09 3.633619e+06 4.729116e-04 3.000000e+01 3.575148e-02 1.000000e+00
7.392871e-09 3.827460e+06 4.981398e-04 3.000000e+01 3.720832e-02 1.000000e+00
7.984301e-09 4.033462e+06 5.249507e-04 3.000000e+01 3.873814e-02 1.000000e+00
8.623045e-09 4.251495e+06 5.533275e-04 3.000000e+01 4.034301e-02 1.000000e+00
9.312889e-09 4.481093e+06 5.832095e-04 3.000000e+01 4.202543e-02 1.000000e+00
1.005792e-08 4.721408e+06 6.144862e-04 3.000000e+01 4.378851e-02 1.000000e+00
1.086255e-08 4.971847e+06 6.470806e-04 3.000000e+01 4.563591e-02 1.000000e+00
1.173156e-08 5.232027e+06 6.809427e-04 3.000000e+01 4.757131e-02 1.000000e+00
1.267008e-08 5.501427e+06 7.160048e-04 3.000000e+01 4.959854e-02 1.000000e+00
1.368369e-08 5.779375e+06 7.521795e-04 3.000000e+01 5.172175e-02 1.000000e+00
1.477838e-08 6.065047e+06 7.893593e-04 3.000000e+01 5.394556e-02 1.000000e+00
1.596065e-08 6.357469e+06 8.274177e-04 3.000000e+01 5.627511e-02 1.000000e+00
1.723751e-08 6.655541e+06 8.662115e-04 3.000000e+01 5.871615e-02 1.000000e+00
1.861651e-08 6.958072e+06 9.055857e-04 3.000000e+01 6.127500e-02 1.000000e+00
2.010583e-08 7.263842e+06 9.453813e-04 3.000000e+01 6.395846e-02 1.000000e+00
2.171429e-08 7.571699e+06 9.854485e-04 3.000000e+01 6.677364e-02 1.000000e+00
2.345144e-08 7.880702e+06 1.025665e-03 3.000000e+01 6.972760e-02 1.000000e+00
2.532755e-08 8.190333e+06 1.065963e-03 3.000000e+01 7.282684e-02 1.000000e+00
2.735376e-08 8.500784e+06 1.106368e-03 3.000000e+01 7.607649e-02 1.000000e+00
2.954206e-08 8.813367e+06 1.147050e-03 3.000000e+01 7.947927e-02 1.000000e+00
3.190542e-08 9.131064e+06 1.188398e-03 3.000000e+01 8.303416e-02 1.000000e+00
3.445786e-08 9.459274e+06 1.231114e-03 3.000000e+01 8.673477e-02 1.000000e+00
3.721449e-08 9.806813e+06 1.276346e-03 3.000000e+01 9.056746e-02 1.000000e+00
4.019164e-08 1.018694e+07 1.325820e-03 3.000000e+01 9.450911e-02 1.000000e+00
4.340698e-08 1.061046e+07 1.380941e-03 3.000000e+01 9.852963e-02 1.000000e+00
4.687953e-08 1.108185e+07 1.442291e-03 3.000000e+01 1.026041e-01 1.000000e+00
5.062990e-08 1.160523e+07 1.510408e-03 3.000000e+01 1.067166e-01 1.000000e+00
5.468029e-08 1.218459e+07 1.585811e-03 3.000000e+01 1.108596e-01 1.000000e+00
5.905471e-08 1.282353e+07 1.668968e-03 3.000000e+01 1.150328e-01 1.000000e+00
6.377909e-08 1.352497e+07 1.760260e-03 3.000000e+01 1.192419e-01 1.000000e+00
6.888142e-08 1.429071e+07 1.859920e-03 3.000000e+01 1.234970e-01 1.000000e+00
7.439193e-08 1.512081e+07 1.967957e-03 3.000000e+01 1.278112e-01 1.000000e+00
8.034328e-08 1.601284e+07 2.084054e-03 3.000000e+01 1.322004e-01 1.000000e+00
8.677075e-08 1.696081e+07 2.207431e-03 3.000000e+01 1.366831e-01 1.000000e+00
9.371241e-08 1.795377e+07 2.336663e-03 3.000000e+01 1.412822e-01 1.000000e+00
1.012094e-07 1.897666e+07 2.469792e-03 3.000000e+01 1.460274e-01 1.000000e+00
1.093061e-07 2.002319e+07 2.605996e-03 3.000000e+01 1.509514e-01 1.000000e+00
1.180506e-07 2.109131e+07 2.745012e-03 3.000000e+01 1.560836e-01 1.000000e+00
1.274947e-07 2.217972e+07 2.886667e-03 3.000000e+01 1.614508e-01 1.000000e+00
1.376943e-07 2.328836e+07 3.030955e-03 3.000000e+01 1.670782e-01 1.000000e+00
1.487098e-07 2.441929e+07 3.178144e-03 3.000000e+01 1.729885e-01 1.000000e+00
1.606066e-07 2.557779e+07 3.328922e-03 3.000000e+01 1.792011e-01 1.000000e+00
1.734551e-07 2.677395e+07 3.484601e-03 3.000000e+01 1.857292e-01 1.000000e+00
1.873315e-07 2.802473e+07 3.647389e-03 3.000000e+01 1.925765e-01 1.000000e+00
2.023181e-07 2.935490e+07 3.820508e-03 3.000000e+01 1.997312e-01 1.000000e+00
2.185035e-07 3.077930e+07 4.005892e-03 3.000000e+01 2.071683e-01 1.000000e+00
2.359838e-07 3.230333e+07 4.204244e-03 3.000000e+01 2.148618e-01 1.000000e+00
2.548625e-07 3.393222e+07 4.416241e-03 3.000000e+01 2.227882e-01 1.000000e+00
2.752515e-07 3.567103e+07 4.642547e-03 3.000000e+01 2.309251e-01 1.000000e+00
2.972716e-07 3.752460e+07 4.883786e-03 3.000000e+01 2.392527e-01 1.000000e+00
3.210533e-07 3.949730e+07 5.140531e-03 3.000000e+01 2.477529e-01 1.000000e+00
3.467376e-07 4.159291e+07 5.413272e-03 3.000000e+01 2.564107e-01 1.000000e+00
3.744766e-07 4.381569e+07 5.702565e-03 3.000000e+01 2.652136e-01 1.000000e+00
4.044347e-07 4.617112e+07 6.009122e-03 3.000000e+01 2.741511e-01 1.000000e+00
4.367895e-07 4.866496e+07 6.333693e-03 3.000000e+01 2.832133e-01 1.000000e+00
4.717327e-07 5.130333e+07 6.677073e-03 3.000000e+01 2.923915e-01 1.000000e+00
5.094713e-07 5.409287e+07 7.040129e-03 3.000000e+01 3.016778e-01 1.000000e+00
5.502290e-07 5.704103e+07 7.423829e-03 3.000000e+01 3.110643e-01 1.000000e+00
5.942473e-07 6.015571e+07 7.829200e-03 3.000000e+01 3.205431e-01 1.000000e+00
6.417871e-07 6.344493e+07 8.257289e-03 3.000000e+01 3.301064e-01 1.000000e+00
6.931301e-07 6.691803e+07 8.709310e-03 3.000000e+01 3.397463e-01 1.000000e+00
7.485805e-07 7.058635e+07 9.186738e-03 3.000000e+01 3.494538e-01 1.000000e+00
8.084669e-07 7.446411e+07 9.691424e-03 3.000000e+01 3.592181e-01 1.000000e+00
8.731442e-07 7.856753e+07 1.022548e-02 3.000000e+01 3.690256e-01 1.000000e+00
9.429958e-07 8.290919e+07 1.079054e-02 3.000000e+01 3.788614e-01 1.000000e+00
1.018435e-06 8.750193e+07 1.138828e-02 3.000000e+01 3.887105e-01 1.000000e+00
1.099910e-06 9.236084e+07 1.202066e-02 3.000000e+01 3.985578e-01 1.000000e+00
1.187903e-06 9.750421e+07 1.269007e-02 3.000000e+01 4.083870e-01 1.000000e+00
1.282935e-06 1.029531e+08 1.339924e-02 3.000000e+01 4.181800e-01 1.000000e+00
1.385570e-06 1.087307e+08 1.415118e-02 3.000000e+01 4.279169e-01 1.000000e+00
1.496416e-06 1.148657e+08 1.494965e-02 3.000000e+01 4.375754e-01 1.000000e+00
1.616129e-06 1.213950e+08 1.579943e-02 3.000000e+01 4.471295e-01 1.000000e+00
1.745419e-06 1.283608e+08 1.670601e-02 3.000000e+01 4.565481e-01 1.000000e+00
1.885053e-06 1.357972e+08 1.767386e-02 3.000000e+01 4.657977e-01 1.000000e+00
2.035857e-06 1.437397e+08 1.870757e-02 3.000000e+01 4.748456e-01 1.000000e+00
2.198726e-06 1.522294e+08 1.981249e-02 3.000000e+01 4.836593e-01 1.000000e+00
2.374624e-06 1.613027e+08 2.099338e-02 3.000000e+01 4.922075e-01 1.000000e+00
2.564594e-06 1.709675e+08 2.225123e-02 3.000000e+01 5.004649e-01 1.000000e+00
2.769761e-06 1.812137e+08 2.358476e-02 3.000000e+01 5.084173e-01 1.000000e+00
2.991342e-06 1.920178e+08 2.499091e-02 3.000000e+01 5.160627e-01 1.000000e+00
3.230649e-06 2.034508e+08 2.647891e-02 3.000000e+01 5.234039e-01 1.000000e+00
3.489101e-06 2.157291e+08 2.807692e-02 3.000000e+01 5.304226e-01 1.000000e+00
3.768230e-06 2.291712e+08 2.982639e-02 3.000000e+01 5.370651e-01 1.000000e+00
4.069688e-06 2.440045e+08 3.175692e-02 3.000000e+01 5.432440e-01 1.000000e+00
4.395263e-06 2.599014e+08 3.382588e-02 3.000000e+01 5.488960e-01 1.000000e+00
4.746884e-06 2.762023e+08 3.594743e-02 3.000000e+01 5.540344e-01 1.000000e+00
5.126635e-06 2.920609e+08 3.801141e-02 3.000000e+01 5.587596e-01 1.000000e+00
5.536765e-06 3.070563e+08 3.996305e-02 3.000000e+01 5.632292e-01 1.000000e+00
5.979707e-06 3.208875e+08 4.176316e-02 3.000000e+01 5.676195e-01 1.000000e+00
6.458083e-06 3.338148e+08 4.344564e-02 3.000000e+01 5.721203e-01 1.000000e+00
6.974730e-06 3.496084e+08 4.550116e-02 3.000000e+01 5.767843e-01 1.000000e+00
7.532708e-06 3.751384e+08 4.882386e-02 3.000000e+01 5.812203e-01 1.000000e+00
8.135325e-06 4.149682e+08 5.400767e-02 3.000000e+01 5.845985e-01 1.000000e+00
8.786151e-06 4.616701e+08 6.008587e-02 3.000000e+01 5.864405e-01 1.000000e+00
9.489043e-06 5.020141e+08 6.533660e-02 3.000000e+01 5.869537e-01 1.000000e+00
1.024817e-05 5.308671e+08 6.909179e-02 3.000000e+01 5.866253e-01 1.000000e+00
1.106802e-05 5.537146e+08 7.206537e-02 3.000000e+01 5.858584e-01 1.000000e+00
1.195346e-05 5.794388e+08 7.541334e-02 3.000000e+01 5.849094e-01 1.000000e+00
1.290974e-05 6.128439e+08 7.976098e-02 3.000000e+01 5.838508e-01 1.000000e+00
1.394252e-05 6.546369e+08 8.520029e-02 3.000000e+01 5.826264e-01 1.000000e+00
1.505792e-05 7.037012e+08 9.158596e-02 3.000000e+01 5.811389e-01 1.000000e+00
1.626255e-05 7.546313e+08 9.821446e-02 2.968000e+01 5.788835e-01 1.000000e+00
1.756356e-05 7.994960e+08 1.040535e-01 2.937000e+01 5.763738e-01 1.000000e+00
1.896864e-05 8.366719e+08 1.088919e-01 2.904000e+01 5.736524e-01 1.000000e+00
2.048613e-05 8.705039e+08 1.132951e-01 2.869000e+01 5.708786e-01 1.000000e+00
2.212502e-05 9.065275e+08 1.179836e-01 2.832000e+01 5.682228e-01 1.000000e+00
2.389502e-05 9.505886e+08 1.237181e-01 2.792000e+01 5.657899e-01 1.000000e+00
2.580663e-05 1.006623e+09 1.310108e-01 2.753000e+01 5.636367e-01 1.000000e+00
2.787116e-05 1.067670e+09 1.389561e-01 2.714000e+01 5.616515e-01 1.000000e+00
3.010085e-05 1.124414e+09 1.463413e-01 2.675000e+01 5.597687e-01 1.000000e+00
3.250892e-05 1.174350e+09 1.528403e-01 2.636000e+01 5.580321e-01 1.000000e+00
3.510963e-05 1.218763e+09 1.586206e-01 2.594000e+01 5.565383e-01 1.000000e+00
3.791840e-05 1.267340e+09 1.649429e-01 2.550000e+01 5.554601e-01 1.000000e+00
4.095187e-05 1.326310e+09 1.726178e-01 2.506000e+01 5.548808e-01 1.000000e+00
4.422802e-05 1.386550e+09 1.804580e-01 2.461000e+01 5.547623e-01 1.000000e+00
4.776626e-05 1.441104e+09 1.875581e-01 2.416000e+01 5.551597e-01 1.000000e+00
5.158757e-05 1.490536e+09 1.939917e-01 2.369000e+01 5.562012e-01 1.000000e+00
5.571457e-05 1.549035e+09 2.016052e-01 2.322000e+01 5.580357e-01 1.000000e+00
6.017174e-05 1.619637e+09 2.107940e-01 2.274000e+01 5.605686e-01 1.000000e+00
6.498548e-05 1.681562e+09 2.188535e-01 2.228000e+01 5.637876e-01 1.000000e+00
7.018431e-05 1.728728e+09 2.249921e-01 2.180000e+01 5.679039e-01 1.000000e+00
7.579906e-05 1.775828e+09 2.311221e-01 2.132000e+01 5.732584e-01 1.000000e+00
8.186298e-05 1.836574e+09 2.390282e-01 2.083000e+01 5.798516e-01 1.000000e+00
8.841202e-05 1.900054e+09 2.472900e-01 2.036000e+01 5.875991e-01 1.000000e+00
9.548498e-05 1.959990e+09 2.550906e-01 1.989000e+01 5.965240e-01 1.000000e+00
1.031238e-04 2.009715e+09 2.615623e-01 1.944000e+01 6.068906e-01 1.000000e+00
1.113737e-04 2.076046e+09 2.701951e-01 1.899000e+01 6.187417e-01 1.000000e+00
1.202836e-04 2.140352e+09 2.785645e-01 1.857000e+01 6.318384e-01 1.000000e+00
1.299063e-04 2.194668e+09 2.856337e-01 1.815000e+01 6.464612e-01 1.000000e+00
1.402988e-04 2.258427e+09 2.939318e-01 1.776000e+01 6.626854e-01 1.000000e+00
1.515227e-04 2.322800e+09 3.023099e-01 1.738000e+01 6.803722e-01 1.000000e+00
1.636445e-04 2.382591e+09 3.100916e-01 1.702000e+01 6.996129e-01 1.000000e+00
1.767360e-04 2.446447e+09 3.184025e-01 1.669000e+01 7.205131e-01 1.000000e+00
1.908749e-04 2.506613e+09 3.262330e-01 1.637000e+01 7.430800e-01 1.000000e+00
2.061449e-04 2.566935e+09 3.340838e-01 1.606000e+01 7.674680e-01 1.000000e+00
2.226365e-04 2.667605e+09 3.471859e-01 1.579000e+01 7.927478e-01 1.000000e+00
2.404474e-04 2.715417e+09 3.534086e-01 1.553000e+01 8.194407e-01 1.000000e+00
2.596832e-04 2.784865e+09 3.624471e-01 1.528000e+01 8.479139e-01 1.000000e+00
2.804579e-04 2.860515e+09 3.722929e-01 1.505000e+01 8.779021e-01 1.000000e+00
3.028945e-04 2.936612e+09 3.821969e-01 1.484000e+01 9.091005e-01 1.000000e+00
3.271261e-04 3.013059e+09 3.921463e-01 1.464000e+01 9.417209e-01 1.000000e+00
3.532962e-04 3.093831e+09 4.026588e-01 1.446000e+01 9.754241e-01 1.000000e+00
3.815599e-04 3.177791e+09 4.135861e-01 1.428000e+01 1.010251e+00 1.000000e+00
4.120846e-04 3.265744e+09 4.250330e-01 1.412000e+01 1.046026e+00 1.000000e+00
4.450514e-04 3.354836e+09 4.366284e-01 1.397000e+01 1.082619e+00 1.000000e+00
4.806555e-04 3.452968e+09 4.494001e-01 1.383000e+01 1.119881e+00 1.000000e+00
5.191080e-04 3.552365e+09 4.623365e-01 1.370000e+01 1.157622e+00 1.000000e+00
5.606366e-04 3.658742e+09 4.761814e-01 1.358000e+01 1.195717e+00 1.000000e+00
6.054875e-04 3.770643e+09 4.907451e-01 1.346000e+01 1.233915e+00 1.000000e+00
6.539265e-04 3.890183e+09 5.063032e-01 1.335000e+01 1.272130e+00 1.000000e+00
7.062407e-04 4.020192e+09 5.232237e-01 1.324000e+01 1.310089e+00 1.000000e+00
7.627399e-04 4.149426e+09 5.400433e-01 1.314000e+01 1.347559e+00 1.000000e+00
8.237591e-04 4.294041e+09 5.588648e-01 1.304000e+01 1.384445e+00 1.000000e+00
8.896598e-04 4.448029e+09 5.789062e-01 1.295000e+01 1.420504e+00 1.000000e+00
9.608326e-04 4.610547e+09 6.000577e-01 1.285000e+01 1.455571e+00 1.000000e+00
1.037699e-03 4.786914e+09 6.230117e-01 1.276000e+01 1.489482e+00 1.000000e+00
1.120715e-03 4.971446e+09 6.470283e-01 1.267000e+01 1.522055e+00 1.000000e+00
1.210372e-03 5.170662e+09 6.729560e-01 1.258000e+01 1.553152e+00 1.000000e+00
1.307202e-03 5.385164e+09 7.008733e-01 1.249000e+01 1.582650e+00 1.000000e+00
1.411778e-03 5.615819e+09 7.308928e-01 1.240000e+01 1.610426e+00 1.000000e+00
1.524721e-03 5.858124e+09 7.624286e-01 1.230000e+01 1.636368e+00 1.000000e+00
1.646698e-03 6.119655e+09 7.964666e-01 1.221000e+01 1.660426e+00 1.000000e+00
1.778434e-03 6.404626e+09 8.335552e-01 1.212000e+01 1.682505e+00 1.000000e+00
1.920709e-03 6.700923e+09 8.721179e-01 1.203000e+01 1.702590e+00 1.000000e+00
2.074366e-03 7.031461e+09 9.151371e-01 1.193000e+01 1.720619e+00 1.000000e+00
2.240315e-03 7.382035e+09 9.607639e-01 1.184000e+01 1.736590e+00 1.000000e+00
2.419540e-03 7.752953e+09 1.009038e+00 1.174000e+01 1.750508e+00 1.000000e+00
2.613103e-03 8.150210e+09 1.060741e+00 1.164000e+01 1.762395e+00 1.000000e+00
2.822151e-03 8.596498e+09 1.118825e+00 1.154000e+01 1.772259e+00 1.000000e+00
3.047924e-03 9.053222e+09 1.178267e+00 1.144000e+01 1.780145e+00 1.000000e+00
3.291757e-03 9.554748e+09 1.243540e+00 1.134000e+01 1.786111e+00 1.000000e+00
3.555098e-03 1.009331e+10 1.313633e+00 1.124000e+01 1.790206e+00 1.000000e+00
3.839506e-03 1.067535e+10 1.389386e+00 1.114000e+01 1.792503e+00 1.000000e+00
4.146666e-03 1.129203e+10 1.469645e+00 1.104000e+01 1.793063e+00 1.000000e+00
4.478400e-03 1.195441e+10 1.555854e+00 1.094000e+01 1.791967e+00 0.000000e+00
4.836672e-03 1.264786e+10 1.646106e+00 1.084000e+01 1.789298e+00 0.000000e+00
5.223605e-03 1.344052e+10 1.749269e+00 1.074000e+01 1.785142e+00 0.000000e+00
5.641494e-03 1.428088e+10 1.858642e+00 1.064000e+01 1.779574e+00 0.000000e+00
6.092813e-03 1.517074e+10 1.974455e+00 1.054000e+01 1.772688e+00 0.000000e+00
6.580238e-03 1.613818e+10 2.100367e+00 1.044000e+01 1.764572e+00 0.000000e+00
7.106658e-03 1.716987e+10 2.234640e+00 1.034000e+01 1.755315e+00 0.000000e+00
7.675190e-03 1.830128e+10 2.381893e+00 1.024000e+01 1.745007e+00 0.000000e+00
8.289205e-03 1.950893e+10 2.539066e+00 1.015000e+01 1.733734e+00 0.000000e+00
8.952342e-03 2.082064e+10 2.709784e+00 1.005000e+01 1.721579e+00 0.000000e+00
9.668529e-03 2.222576e+10 2.892658e+00 9.960000e+00 1.708631e+00 0.000000e+00
1.044201e-02 2.373199e+10 3.088694e+00 9.870000e+00 1.694970e+00 0.000000e+00
1.127737e-02 2.539479e+10 3.305105e+00 9.780000e+00 1.680680e+00 0.000000e+00
1.217956e-02 2.716402e+10 3.535368e+00 9.690000e+00 1.665839e+00 0.000000e+00
1.315393e-02 2.908683e+10 3.785620e+00 9.610000e+00 1.650521e+00 0.000000e+00
1.420624e-02 3.115992e+10 4.055430e+00 9.520000e+00 1.634800e+00 0.000000e+00
1.534274e-02 3.340338e+10 4.347414e+00 9.440000e+00 1.618751e+00 0.000000e+00
1.657016e-02 3.582941e+10 4.663160e+00 9.370000e+00 1.602443e+00 0.000000e+00
1.789577e-02 3.845775e+10 5.005234e+00 9.290000e+00 1.585940e+00 0.000000e+00
1.932743e-02 4.130080e+10 5.375255e+00 9.220000e+00 1.569307e+00 0.000000e+00
2.087363e-02 4.438361e+10 5.776480e+00 9.150000e+00 1.552606e+00 0.000000e+00
2.254352e-02 4.771426e+10 6.209960e+00 9.080000e+00 1.535895e+00 0.000000e+00
2.434700e-02 5.133954e+10 6.681786e+00 9.020000e+00 1.519231e+00 0.000000e+00
2.629476e-02 5.523580e+10 7.188880e+00 8.960000e+00 1.502668e+00 0.000000e+00
2.839834e-02 5.947816e+10 7.741018e+00 8.900000e+00 1.486255e+00 0.000000e+00
3.067021e-02 6.406823e+10 8.338411e+00 8.850000e+00 1.470044e+00 0.000000e+00
3.312383e-02 6.904579e+10 8.986235e+00 8.800000e+00 1.454078e+00 0.000000e+00
3.577373e-02 7.443595e+10 9.687759e+00 8.760000e+00 1.438402e+00 0.000000e+00
3.863563e-02 8.028442e+10 1.044893e+01 8.720000e+00 1.423058e+00 0.000000e+00
4.172648e-02 8.661811e+10 1.127325e+01 8.680000e+00 1.408083e+00 0.000000e+00
