# source=E  λ_Δ=λ₀/8
# integrator=rk4  rstep_km=0.01
# columns=Pc_dimless epsilon_c_mev4 epsilon_c_gev_fm3 radius_km mass_msun stable_flag
1.339119e-11 1.005493e+06 1.308638e-04 5.360000e+00 7.542235e-05 1.000000e+00
1.446249e-11 1.005897e+06 1.309164e-04 5.570000e+00 8.465255e-05 1.000000e+00
1.561949e-11 1.006332e+06 1.309731e-04 5.780000e+00 9.460988e-05 1.000000e+00
1.686905e-11 1.006803e+06 1.310344e-04 6.010000e+00 1.063787e-04 1.000000e+00
1.821857e-11 1.007312e+06 1.311005e-04 6.240000e+00 1.190898e-04 1.000000e+00
1.967606e-11 1.007861e+06 1.311720e-04 6.480000e+00 1.333957e-04 1.000000e+00
2.125014e-11 1.008454e+06 1.312492e-04 6.730000e+00 1.494738e-04 1.000000e+00
2.295015e-11 1.009095e+06 1.313326e-04 7.000000e+00 1.682359e-04 1.000000e+00
2.478616e-11 1.009787e+06 1.314226e-04 7.270000e+00 1.885156e-04 1.000000e+00
2.676906e-11 1.010534e+06 1.315199e-04 7.550000e+00 2.112099e-04 1.000000e+00
2.891058e-11 1.011341e+06 1.316249e-04 7.840000e+00 2.365710e-04 1.000000e+00
3.122343e-11 1.012213e+06 1.317384e-04 8.140000e+00 2.648733e-04 1.000000e+00
3.372130e-11 1.013154e+06 1.318609e-04 8.460000e+00 2.974631e-04 1.000000e+00
3.641901e-11 1.014171e+06 1.319933e-04 8.780000e+00 3.326476e-04 1.000000e+00
3.933253e-11 1.015269e+06 1.321362e-04 9.120000e+00 3.729682e-04 1.000000e+00
4.247913e-11 1.016455e+06 1.322906e-04 9.470000e+00 4.177732e-04 1.000000e+00
4.587746e-11 1.017737e+06 1.324573e-04 9.840000e+00 4.689094e-04 1.000000e+00
4.954766e-11 1.019120e+06 1.326374e-04 1.022000e+01 5.256410e-04 1.000000e+00
5.351147e-11 1.020615e+06 1.328320e-04 1.061000e+01 5.884878e-04 1.000000e+00
5.779239e-11 1.022229e+06 1.330421e-04 1.101000e+01 6.580098e-04 1.000000e+00
6.241578e-11 1.023973e+06 1.332690e-04 1.143000e+01 7.367233e-04 1.000000e+00
6.740904e-11 1.025856e+06 1.335141e-04 1.187000e+01 8.257161e-04 1.000000e+00
7.280176e-11 1.027891e+06 1.337789e-04 1.232000e+01 9.239623e-04 1.000000e+00
7.862591e-11 1.030088e+06 1.340649e-04 1.278000e+01 1.032267e-03 1.000000e+00
8.491598e-11 1.032462e+06 1.343738e-04 1.327000e+01 1.156650e-03 1.000000e+00
9.170926e-11 1.035025e+06 1.347074e-04 1.377000e+01 1.293657e-03 1.000000e+00
9.904600e-11 1.037794e+06 1.350678e-04 1.428000e+01 1.444352e-03 1.000000e+00
1.069697e-10 1.040786e+06 1.354571e-04 1.482000e+01 1.616304e-03 1.000000e+00
1.155273e-10 1.044017e+06 1.358777e-04 1.537000e+01 1.805257e-03 1.000000e+00
1.247694e-10 1.047507e+06 1.363319e-04 1.594000e+01 2.016322e-03 1.000000e+00
1.347510e-10 1.051277e+06 1.368226e-04 1.653000e+01 2.251816e-03 1.000000e+00
1.455311e-10 1.055350e+06 1.373527e-04 1.714000e+01 2.514268e-03 1.000000e+00
1.571736e-10 1.059750e+06 1.379253e-04 1.777000e+01 2.806434e-03 1.000000e+00
1.697474e-10 1.064503e+06 1.385439e-04 1.841000e+01 3.126349e-03 1.000000e+00
1.833272e-10 1.069638e+06 1.392122e-04 1.908000e+01 3.486862e-03 1.000000e+00
1.979934e-10 1.075185e+06 1.399342e-04 1.977000e+01 3.886907e-03 1.000000e+00
2.138329e-10 1.081178e+06 1.407141e-04 2.047000e+01 4.324209e-03 1.000000e+00
2.309395e-10 1.087652e+06 1.415568e-04 2.120000e+01 4.814828e-03 1.000000e+00
2.494147e-10 1.094648e+06 1.424672e-04 2.194000e+01 5.350548e-03 1.000000e+00
2.693678e-10 1.102205e+06 1.434508e-04 2.271000e+01 5.949957e-03 1.000000e+00
2.909173e-10 1.110371e+06 1.445136e-04 2.350000e+01 6.611858e-03 1.000000e+00
3.141907e-10 1.119195e+06 1.456620e-04 2.430000e+01 7.333439e-03 1.000000e+00
3.393259e-10 1.128728e+06 1.469028e-04 2.513000e+01 8.137768e-03 1.000000e+00
3.664720e-10 1.139030e+06 1.482436e-04 2.597000e+01 9.013731e-03 1.000000e+00
3.957897e-10 1.150163e+06 1.496925e-04 2.683000e+01 9.977329e-03 1.000000e+00
4.274529e-10 1.162193e+06 1.512582e-04 2.771000e+01 1.103650e-02 1.000000e+00
4.616491e-10 1.175194e+06 1.529502e-04 2.860000e+01 1.218785e-02 1.000000e+00
4.985811e-10 1.189245e+06 1.547789e-04 2.951000e+01 1.345109e-02 1.000000e+00
5.384676e-10 1.204430e+06 1.567553e-04 3.000000e+01 1.424547e-02 1.000000e+00
5.815450e-10 1.220843e+06 1.588914e-04 3.000000e+01 1.441788e-02 1.000000e+00
6.280686e-10 1.238584e+06 1.612003e-04 3.000000e+01 1.460364e-02 1.000000e+00
6.783141e-10 1.257760e+06 1.636961e-04 3.000000e+01 1.480373e-02 1.000000e+00
7.325792e-10 1.278489e+06 1.663940e-04 3.000000e+01 1.501922e-02 1.000000e+00
7.911855e-10 1.300898e+06 1.693105e-04 3.000000e+01 1.525123e-02 1.000000e+00
8.544804e-10 1.325124e+06 1.724635e-04 3.000000e+01 1.550097e-02 1.000000e+00
9.228388e-10 1.351315e+06 1.758722e-04 3.000000e+01 1.576971e-02 1.000000e+00
9.966659e-10 1.379633e+06 1.795578e-04 3.000000e+01 1.605879e-02 1.000000e+00
1.076399e-09 1.410251e+06 1.835426e-04 3.000000e+01 1.636967e-02 1.000000e+00
1.162511e-09 1.443357e+06 1.878513e-04 3.000000e+01 1.670385e-02 1.000000e+00
1.255512e-09 1.479155e+06 1.925104e-04 3.000000e+01 1.706292e-02 1.000000e+00
1.355953e-09 1.517864e+06 1.975483e-04 3.000000e+01 1.744858e-02 1.000000e+00
1.464429e-09 1.559722e+06 2.029961e-04 3.000000e+01 1.786259e-02 1.000000e+00
1.581584e-09 1.604985e+06 2.088870e-04 3.000000e+01 1.830678e-02 1.000000e+00
1.708110e-09 1.653929e+06 2.152571e-04 3.000000e+01 1.878309e-02 1.000000e+00
1.844759e-09 1.706853e+06 2.221451e-04 3.000000e+01 1.929352e-02 1.000000e+00
1.992340e-09 1.764076e+06 2.295926e-04 3.000000e+01 1.984013e-02 1.000000e+00
2.151727e-09 1.825943e+06 2.376445e-04 3.000000e+01 2.042505e-02 1.000000e+00
2.323865e-09 1.892823e+06 2.463488e-04 3.000000e+01 2.105047e-02 1.000000e+00
2.509774e-09 1.965109e+06 2.557568e-04 3.000000e+01 2.171861e-02 1.000000e+00
2.710556e-09 2.043222e+06 2.659232e-04 3.000000e+01 2.243171e-02 1.000000e+00
2.927401e-09 2.127609e+06 2.769060e-04 3.000000e+01 2.319203e-02 1.000000e+00
3.161593e-09 2.218740e+06 2.887666e-04 3.000000e+01 2.400184e-02 1.000000e+00
3.414520e-09 2.317111e+06 3.015696e-04 3.000000e+01 2.486335e-02 1.000000e+00
3.687682e-09 2.423239e+06 3.153820e-04 3.000000e+01 2.577877e-02 1.000000e+00
3.982696e-09 2.537657e+06 3.302733e-04 3.000000e+01 2.675021e-02 1.000000e+00
4.301312e-09 2.660907e+06 3.463141e-04 3.000000e+01 2.777973e-02 1.000000e+00
4.645417e-09 2.793534e+06 3.635754e-04 3.000000e+01 2.886928e-02 1.000000e+00
5.017050e-09 2.936070e+06 3.821264e-04 3.000000e+01 3.002072e-02 1.000000e+00
5.418414e-09 3.089019e+06 4.020325e-04 3.000000e+01 3.123582e-02 1.000000e+00
5.851888e-09 3.252831e+06 4.233525e-04 3.000000e+01 3.251628e-02 1.000000e+00
6.320039e-09 3.427872e+06 4.461339e-04 3.000000e+01 3.386373e-02 1.000000e+00
6.825642e-09 3.614384e+06 4.704082e-04 3.000000e+01 3.527985e-02 1.000000e+00
7.371693e-09 3.812425e+06 4.961831e-04 3.000000e+01 3.676642e-02 1.000000e+00
7.961428e-09 4.021807e+06 5.234339e-04 3.000000e+01 3.832544e-02 1.000000e+00
8.598343e-09 4.241996e+06 5.520912e-04 3.000000e+01 3.995937e-02 1.000000e+00
9.286210e-09 4.472140e+06 5.820442e-04 3.000000e+01 4.167130e-02 1.000000e+00
1.002911e-08 4.711739e+06 6.132278e-04 3.000000e+01 4.346469e-02 1.000000e+00
1.083144e-08 4.960379e+06 6.455880e-04 3.000000e+01 4.534303e-02 1.000000e+00
1.169795e-08 5.217497e+06 6.790517e-04 3.000000e+01 4.730997e-02 1.000000e+00
1.263379e-08 5.482380e+06 7.135259e-04 3.000000e+01 4.936952e-02 1.000000e+00
1.364449e-08 5.754154e+06 7.488970e-04 3.000000e+01 5.152615e-02 1.000000e+00
1.473605e-08 6.031795e+06 7.850316e-04 3.000000e+01 5.378487e-02 1.000000e+00
1.591493e-08 6.314140e+06 8.217785e-04 3.000000e+01 5.615127e-02 1.000000e+00
1.718813e-08 6.599926e+06 8.589733e-04 3.000000e+01 5.863152e-02 1.000000e+00
1.856318e-08 6.887847e+06 8.964459e-04 3.000000e+01 6.123224e-02 1.000000e+00
2.004823e-08 7.176646e+06 9.340328e-04 3.000000e+01 6.396030e-02 1.000000e+00
2.165209e-08 7.465252e+06 9.715945e-04 3.000000e+01 6.682246e-02 1.000000e+00
2.338426e-08 7.752978e+06 1.009042e-03 3.000000e+01 6.982485e-02 1.000000e+00
2.525500e-08 8.039808e+06 1.046372e-03 3.000000e+01 7.297212e-02 1.000000e+00
2.727540e-08 8.326777e+06 1.083721e-03 3.000000e+01 7.626645e-02 1.000000e+00
2.945743e-08 8.616513e+06 1.121430e-03 3.000000e+01 7.970620e-02 1.000000e+00
3.181402e-08 8.913953e+06 1.160141e-03 3.000000e+01 8.328431e-02 1.000000e+00
3.435914e-08 9.227311e+06 1.200925e-03 3.000000e+01 8.698620e-02 1.000000e+00
3.710788e-08 9.569355e+06 1.245441e-03 3.000000e+01 9.078783e-02 1.000000e+00
4.007651e-08 9.954276e+06 1.295538e-03 3.000000e+01 9.465640e-02 1.000000e+00
4.328263e-08 1.038825e+07 1.352020e-03 3.000000e+01 9.856231e-02 1.000000e+00
4.674524e-08 1.087593e+07 1.415491e-03 3.000000e+01 1.024873e-01 1.000000e+00
5.048486e-08 1.142186e+07 1.486542e-03 3.000000e+01 1.064241e-01 1.000000e+00
5.452364e-08 1.203023e+07 1.565721e-03 3.000000e+01 1.103743e-01 1.000000e+00
5.888554e-08 1.270454e+07 1.653482e-03 3.000000e+01 1.143468e-01 1.000000e+00
6.359638e-08 1.344712e+07 1.750128e-03 3.000000e+01 1.183548e-01 1.000000e+00
6.868409e-08 1.425848e+07 1.855726e-03 3.000000e+01 1.224141e-01 1.000000e+00
7.417882e-08 1.513646e+07 1.969994e-03 3.000000e+01 1.265419e-01 1.000000e+00
8.011312e-08 1.607502e+07 2.092146e-03 3.000000e+01 1.307569e-01 1.000000e+00
8.652217e-08 1.706276e+07 2.220699e-03 3.000000e+01 1.350814e-01 1.000000e+00
9.344395e-08 1.808121e+07 2.353250e-03 3.000000e+01 1.395439e-01 1.000000e+00
1.009195e-07 1.911525e+07 2.487829e-03 3.000000e+01 1.441804e-01 1.000000e+00
1.089930e-07 2.016040e+07 2.623854e-03 3.000000e+01 1.490261e-01 1.000000e+00
1.177125e-07 2.121330e+07 2.760889e-03 3.000000e+01 1.541134e-01 1.000000e+00
1.271295e-07 2.227166e+07 2.898632e-03 3.000000e+01 1.594735e-01 1.000000e+00
1.372998e-07 2.333498e+07 3.037022e-03 3.000000e+01 1.651368e-01 1.000000e+00
1.482838e-07 2.440577e+07 3.176384e-03 3.000000e+01 1.711318e-01 1.000000e+00
1.601465e-07 2.549107e+07 3.317635e-03 3.000000e+01 1.774832e-01 1.000000e+00
1.729582e-07 2.660458e+07 3.462558e-03 3.000000e+01 1.842075e-01 1.000000e+00
1.867949e-07 2.776953e+07 3.614174e-03 3.000000e+01 1.913073e-01 1.000000e+00
2.017385e-07 2.901617e+07 3.776423e-03 3.000000e+01 1.987635e-01 1.000000e+00
2.178775e-07 3.035667e+07 3.950888e-03 3.000000e+01 2.065429e-01 1.000000e+00
2.353078e-07 3.179607e+07 4.138224e-03 3.000000e+01 2.146132e-01 1.000000e+00
2.541324e-07 3.333901e+07 4.339036e-03 3.000000e+01 2.229445e-01 1.000000e+00
2.744630e-07 3.498945e+07 4.553840e-03 3.000000e+01 2.315097e-01 1.000000e+00
2.964200e-07 3.675038e+07 4.783022e-03 3.000000e+01 2.402857e-01 1.000000e+00
3.201336e-07 3.862326e+07 5.026776e-03 3.000000e+01 2.492538e-01 1.000000e+00
3.457443e-07 4.060801e+07 5.285088e-03 3.000000e+01 2.584015e-01 1.000000e+00
3.734038e-07 4.270811e+07 5.558415e-03 3.000000e+01 2.677202e-01 1.000000e+00
4.032761e-07 4.493100e+07 5.847722e-03 3.000000e+01 2.772019e-01 1.000000e+00
4.355382e-07 4.728590e+07 6.154209e-03 3.000000e+01 2.868373e-01 1.000000e+00
4.703813e-07 4.978442e+07 6.479389e-03 3.000000e+01 2.966144e-01 1.000000e+00
5.080118e-07 5.244159e+07 6.825216e-03 3.000000e+01 3.065181e-01 1.000000e+00
5.486527e-07 5.527630e+07 7.194151e-03 3.000000e+01 3.165274e-01 1.000000e+00
5.925449e-07 5.830295e+07 7.588067e-03 3.000000e+01 3.266174e-01 1.000000e+00
6.399485e-07 6.153067e+07 8.008151e-03 3.000000e+01 3.367643e-01 1.000000e+00
6.911444e-07 6.496797e+07 8.455512e-03 3.000000e+01 3.469472e-01 1.000000e+00
7.464360e-07 6.862261e+07 8.931159e-03 3.000000e+01 3.571478e-01 1.000000e+00
8.061509e-07 7.250121e+07 9.435955e-03 3.000000e+01 3.673511e-01 1.000000e+00
8.706429e-07 7.660871e+07 9.970542e-03 3.000000e+01 3.775455e-01 1.000000e+00
9.402944e-07 8.094765e+07 1.053525e-02 3.000000e+01 3.877231e-01 1.000000e+00
1.015518e-06 8.551756e+07 1.113002e-02 3.000000e+01 3.978810e-01 1.000000e+00
1.096759e-06 9.031405e+07 1.175428e-02 3.000000e+01 4.080213e-01 1.000000e+00
1.184500e-06 9.532925e+07 1.240700e-02 3.000000e+01 4.181526e-01 1.000000e+00
1.279260e-06 1.005698e+08 1.308905e-02 3.000000e+01 4.282870e-01 1.000000e+00
1.381601e-06 1.060597e+08 1.380356e-02 3.000000e+01 4.384317e-01 1.000000e+00
1.492129e-06 1.118353e+08 1.455524e-02 3.000000e+01 4.485845e-01 1.000000e+00
1.611499e-06 1.179495e+08 1.535100e-02 3.000000e+01 4.587304e-01 1.000000e+00
1.740419e-06 1.244546e+08 1.619763e-02 3.000000e+01 4.688399e-01 1.000000e+00
1.879653e-06 1.313896e+08 1.710021e-02 3.000000e+01 4.788765e-01 1.000000e+00
2.030025e-06 1.388013e+08 1.806484e-02 3.000000e+01 4.887994e-01 1.000000e+00
2.192427e-06 1.467461e+08 1.909885e-02 3.000000e+01 4.985627e-01 1.000000e+00
2.367821e-06 1.552227e+08 2.020207e-02 3.000000e+01 5.081219e-01 1.000000e+00
2.557247e-06 1.641445e+08 2.136323e-02 3.000000e+01 5.174579e-01 1.000000e+00
2.761827e-06 1.733649e+08 2.256326e-02 3.000000e+01 5.265904e-01 1.000000e+00
2.982773e-06 1.827616e+08 2.378622e-02 3.000000e+01 5.355810e-01 1.000000e+00
3.221395e-06 1.926041e+08 2.506722e-02 3.000000e+01 5.444788e-01 1.000000e+00
3.479106e-06 2.034377e+08 2.647719e-02 3.000000e+01 5.532430e-01 1.000000e+00
3.757435e-06 2.159723e+08 2.810856e-02 3.000000e+01 5.617089e-01 1.000000e+00
4.058029e-06 2.300462e+08 2.994026e-02 3.000000e+01 5.696646e-01 1.000000e+00
4.382672e-06 2.445696e+08 3.183047e-02 3.000000e+01 5.770540e-01 1.000000e+00
4.733285e-06 2.579952e+08 3.357780e-02 3.000000e+01 5.840463e-01 1.000000e+00
5.111948e-06 2.702788e+08 3.517650e-02 3.000000e+01 5.909486e-01 1.000000e+00
5.520904e-06 2.831016e+08 3.684538e-02 3.000000e+01 5.979275e-01 1.000000e+00
5.962577e-06 2.988657e+08 3.889705e-02 3.000000e+01 6.048553e-01 1.000000e+00
6.439583e-06 3.180319e+08 4.139152e-02 3.000000e+01 6.113774e-01 1.000000e+00
6.954749e-06 3.391409e+08 4.413882e-02 3.000000e+01 6.172498e-01 1.000000e+00
7.511129e-06 3.607561e+08 4.695201e-02 3.000000e+01 6.224511e-01 1.000000e+00
8.112020e-06 3.837743e+08 4.994781e-02 3.000000e+01 6.270283e-01 1.000000e+00
8.760981e-06 4.100944e+08 5.337334e-02 3.000000e+01 6.309336e-01 1.000000e+00
9.461860e-06 4.396105e+08 5.721484e-02 3.000000e+01 6.340537e-01 1.000000e+00
1.021881e-05 4.685031e+08 6.097518e-02 3.000000e+01 6.364153e-01 1.000000e+00
1.103631e-05 4.927819e+08 6.413504e-02 3.000000e+01 6.382645e-01 1.000000e+00
1.191922e-05 5.150728e+08 6.703617e-02 3.000000e+01 6.399176e-01 1.000000e+00
1.287276e-05 5.414912e+08 7.047450e-02 3.000000e+01 6.415252e-01 1.000000e+00
1.390258e-05 5.734273e+08 7.463095e-02 3.000000e+01 6.430067e-01 1.000000e+00
1.501478e-05 6.053829e+08 7.878994e-02 3.000000e+01 6.442951e-01 1.000000e+00
1.621596e-05 6.340152e+08 8.251640e-02 2.980000e+01 6.452597e-01 1.000000e+00
1.751324e-05 6.620255e+08 8.616191e-02 2.941000e+01 6.461836e-01 1.000000e+00
1.891430e-05 6.943070e+08 9.036331e-02 2.901000e+01 6.474068e-01 1.000000e+00
2.042745e-05 7.380832e+08 9.606074e-02 2.862000e+01 6.488247e-01 1.000000e+00
2.206164e-05 7.936735e+08 1.032958e-01 2.824000e+01 6.500632e-01 1.000000e+00
2.382657e-05 8.424901e+08 1.096492e-01 2.789000e+01 6.509607e-01 1.000000e+00
2.573270e-05 8.742171e+08 1.137784e-01 2.752000e+01 6.517786e-01 1.000000e+00
2.779131e-05 9.047534e+08 1.177527e-01 2.713000e+01 6.529643e-01 1.000000e+00
3.001462e-05 9.450089e+08 1.229919e-01 2.672000e+01 6.546454e-01 1.000000e+00
3.241579e-05 9.929712e+08 1.292341e-01 2.631000e+01 6.567275e-01 1.000000e+00
3.500905e-05 1.041761e+09 1.355840e-01 2.591000e+01 6.591155e-01 1.000000e+00
3.780978e-05 1.086155e+09 1.413619e-01 2.550000e+01 6.618719e-01 1.000000e+00
4.083456e-05 1.133751e+09 1.475564e-01 2.509000e+01 6.651304e-01 1.000000e+00
4.410132e-05 1.176083e+09 1.530659e-01 2.468000e+01 6.689401e-01 1.000000e+00
4.762943e-05 1.205755e+09 1.569277e-01 2.425000e+01 6.737060e-01 1.000000e+00
5.143978e-05 1.261352e+09 1.641636e-01 2.381000e+01 6.795563e-01 1.000000e+00
5.555496e-05 1.340046e+09 1.744055e-01 2.339000e+01 6.857189e-01 1.000000e+00
5.999936e-05 1.402105e+09 1.824824e-01 2.300000e+01 6.919203e-01 1.000000e+00
6.479931e-05 1.433888e+09 1.866190e-01 2.260000e+01 6.989706e-01 1.000000e+00
6.998326e-05 1.488216e+09 1.936897e-01 2.219000e+01 7.072550e-01 1.000000e+00
7.558192e-05 1.546308e+09 2.012504e-01 2.178000e+01 7.163401e-01 1.000000e+00
8.162847e-05 1.574097e+09 2.048670e-01 2.137000e+01 7.267815e-01 1.000000e+00
8.815875e-05 1.646306e+09 2.142649e-01 2.097000e+01 7.388179e-01 1.000000e+00
9.521145e-05 1.731050e+09 2.252942e-01 2.059000e+01 7.509709e-01 1.000000e+00
1.028284e-04 1.762020e+09 2.293250e-01 2.022000e+01 7.641253e-01 1.000000e+00
1.110546e-04 1.821082e+09 2.370119e-01 1.985000e+01 7.791605e-01 1.000000e+00
1.199390e-04 1.890424e+09 2.460366e-01 1.949000e+01 7.951123e-01 1.000000e+00
1.295341e-04 1.938474e+09 2.522903e-01 1.914000e+01 8.123328e-01 1.000000e+00
1.398969e-04 1.997336e+09 2.599511e-01 1.880000e+01 8.313356e-01 1.000000e+00
1.510886e-04 2.064371e+09 2.686756e-01 1.848000e+01 8.514306e-01 1.000000e+00
1.631757e-04 2.119287e+09 2.758229e-01 1.816000e+01 8.731711e-01 1.000000e+00
1.762297e-04 2.188900e+09 2.848830e-01 1.786000e+01 8.961214e-01 1.000000e+00
1.903281e-04 2.245786e+09 2.922867e-01 1.757000e+01 9.206574e-01 1.000000e+00
2.055544e-04 2.311444e+09 3.008319e-01 1.730000e+01 9.467137e-01 1.000000e+00
2.219987e-04 2.376850e+09 3.093444e-01 1.704000e+01 9.741225e-01 1.000000e+00
2.397586e-04 2.443543e+09 3.180245e-01 1.679000e+01 1.003001e+00 1.000000e+00
2.589393e-04 2.511307e+09 3.268439e-01 1.655000e+01 1.033325e+00 1.000000e+00
2.796545e-04 2.580100e+09 3.357972e-01 1.633000e+01 1.065026e+00 1.000000e+00
3.020268e-04 2.651482e+09 3.450875e-01 1.611000e+01 1.098014e+00 1.000000e+00
3.261890e-04 2.724282e+09 3.545624e-01 1.591000e+01 1.132276e+00 1.000000e+00
3.522841e-04 2.799922e+09 3.644068e-01 1.572000e+01 1.167668e+00 1.000000e+00
3.804668e-04 2.875718e+09 3.742716e-01 1.554000e+01 1.204147e+00 1.000000e+00
4.109041e-04 2.962290e+09 3.855389e-01 1.537000e+01 1.241506e+00 1.000000e+00
4.437765e-04 3.044488e+09 3.962369e-01 1.521000e+01 1.279653e+00 1.000000e+00
4.792786e-04 3.132553e+09 4.076985e-01 1.506000e+01 1.318440e+00 1.000000e+00
5.176209e-04 3.228013e+09 4.201224e-01 1.491000e+01 1.357672e+00 1.000000e+00
5.590305e-04 3.324715e+09 4.327082e-01 1.477000e+01 1.397149e+00 1.000000e+00
6.037530e-04 3.428350e+09 4.461961e-01 1.464000e+01 1.436705e+00 1.000000e+00
6.520532e-04 3.538436e+09 4.605236e-01 1.451000e+01 1.476094e+00 1.000000e+00
7.042175e-04 3.651950e+09 4.752974e-01 1.439000e+01 1.515146e+00 1.000000e+00
7.605549e-04 3.778229e+09 4.917324e-01 1.427000e+01 1.553627e+00 1.000000e+00
8.213993e-04 3.910720e+09 5.089761e-01 1.416000e+01 1.591303e+00 1.000000e+00
8.871112e-04 4.053102e+09 5.275068e-01 1.404000e+01 1.627998e+00 1.000000e+00
9.580801e-04 4.203503e+09 5.470814e-01 1.393000e+01 1.663549e+00 1.000000e+00
1.034727e-03 4.362512e+09 5.677763e-01 1.382000e+01 1.697665e+00 1.000000e+00
1.117505e-03 4.537778e+09 5.905870e-01 1.372000e+01 1.730255e+00 1.000000e+00
1.206905e-03 4.723730e+09 6.147883e-01 1.361000e+01 1.761149e+00 1.000000e+00
1.303457e-03 4.917561e+09 6.400152e-01 1.350000e+01 1.790185e+00 1.000000e+00
1.407734e-03 5.139288e+09 6.688728e-01 1.340000e+01 1.817250e+00 1.000000e+00
1.520353e-03 5.367907e+09 6.986274e-01 1.329000e+01 1.842252e+00 1.000000e+00
1.641981e-03 5.607630e+09 7.298270e-01 1.318000e+01 1.865146e+00 1.000000e+00
1.773339e-03 5.888749e+09 7.664143e-01 1.308000e+01 1.885779e+00 1.000000e+00
1.915207e-03 6.173632e+09 8.034915e-01 1.297000e+01 1.904139e+00 1.000000e+00
2.068423e-03 6.485950e+09 8.441395e-01 1.286000e+01 1.920246e+00 1.000000e+00
2.233897e-03 6.826899e+09 8.885136e-01 1.275000e+01 1.934075e+00 1.000000e+00
2.412609e-03 7.180414e+09 9.345231e-01 1.264000e+01 1.945613e+00 1.000000e+00
2.605617e-03 7.568647e+09 9.850513e-01 1.253000e+01 1.954918e+00 1.000000e+00
2.814067e-03 7.994158e+09 1.040431e+00 1.242000e+01 1.962024e+00 1.000000e+00
3.039192e-03 8.452816e+09 1.100125e+00 1.231000e+01 1.966984e+00 1.000000e+00
3.282328e-03 8.939770e+09 1.163501e+00 1.220000e+01 1.969860e+00 1.000000e+00
3.544914e-03 9.472010e+09 1.232772e+00 1.209000e+01 1.970736e+00 1.000000e+00
3.828507e-03 1.004538e+10 1.307396e+00 1.198000e+01 1.969690e+00 0.000000e+00
4.134787e-03 1.066654e+10 1.388239e+00 1.187000e+01 1.966816e+00 0.000000e+00
4.465570e-03 1.133855e+10 1.475701e+00 1.176000e+01 1.962211e+00 0.000000e+00
4.822816e-03 1.206426e+10 1.570151e+00 1.165000e+01 1.955975e+00 0.000000e+00
5.208641e-03 1.285122e+10 1.672573e+00 1.155000e+01 1.948215e+00 0.000000e+00
5.625333e-03 1.370280e+10 1.783404e+00 1.144000e+01 1.939034e+00 0.000000e+00
6.075359e-03 1.461960e+10 1.902726e+00 1.133000e+01 1.928541e+00 0.000000e+00
6.561388e-03 1.561707e+10 2.032545e+00 1.123000e+01 1.916847e+00 0.000000e+00
7.086299e-03 1.669405e+10 2.172712e+00 1.113000e+01 1.904055e+00 0.000000e+00
7.653203e-03 1.786197e+10 2.324716e+00 1.102000e+01 1.890270e+00 0.000000e+00
8.265459e-03 1.912485e+10 2.489079e+00 1.093000e+01 1.875602e+00 0.000000e+00
8.926696e-03 2.049511e+10 2.667416e+00 1.083000e+01 1.860148e+00 0.000000e+00
9.640831e-03 2.197726e+10 2.860317e+00 1.073000e+01 1.844007e+00 0.000000e+00
1.041210e-02 2.358318e+10 3.069326e+00 1.064000e+01 1.827279e+00 0.000000e+00
1.124507e-02 2.532047e+10 3.295432e+00 1.055000e+01 1.810053e+00 0.000000e+00
1.214467e-02 2.720243e+10 3.540367e+00 1.047000e+01 1.792422e+00 0.000000e+00
1.311624e-02 2.924193e+10 3.805805e+00 1.038000e+01 1.774467e+00 0.000000e+00
1.416554e-02 3.145056e+10 4.093257e+00 1.030000e+01 1.756273e+00 0.000000e+00
1.529879e-02 3.384259e+10 4.404576e+00 1.022000e+01 1.737917e+00 0.000000e+00
1.652269e-02 3.643358e+10 4.741792e+00 1.015000e+01 1.719475e+00 0.000000e+00
1.784451e-02 3.923837e+10 5.106832e+00 1.008000e+01 1.701015e+00 0.000000e+00
1.927207e-02 4.227763e+10 5.502388e+00 1.001000e+01 1.682604e+00 0.000000e+00
2.081383e-02 4.556842e+10 5.930681e+00 9.950000e+00 1.664307e+00 0.000000e+00
2.247894e-02 4.913240e+10 6.394530e+00 9.890000e+00 1.646181e+00 0.000000e+00
2.427725e-02 5.299310e+10 6.896995e+00 9.840000e+00 1.628283e+00 0.000000e+00
2.621943e-02 5.717300e+10 7.441004e+00 9.780000e+00 1.610664e+00 0.000000e+00
2.831699e-02 6.169902e+10 8.030062e+00 9.740000e+00 1.593376e+00 0.000000e+00
3.058235e-02 6.659967e+10 8.667875e+00 9.690000e+00 1.576461e+00 0.000000e+00
3.302894e-02 7.191653e+10 9.359859e+00 9.650000e+00 1.559965e+00 0.000000e+00
3.567125e-02 7.823003e+10 1.018155e+01 9.620000e+00 1.544036e+00 0.000000e+00
3.852495e-02 8.506619e+10 1.107127e+01 9.590000e+00 1.528835e+00 0.000000e+00
