# source=H  λ₃=2λ₀
# integrator=rk4  rstep_km=0.01
# columns=Pc_dimless epsilon_c_mev4 epsilon_c_gev_fm3 radius_km mass_msun stable_flag
6.013545e-09 3.260985e+06 4.244137e-04 3.000000e+01 3.409155e-02 1.000000e+00
6.494628e-09 3.414148e+06 4.443477e-04 3.000000e+01 3.532000e-02 1.000000e+00
7.014198e-09 3.580060e+06 4.659410e-04 3.000000e+01 3.662135e-02 1.000000e+00
7.575334e-09 3.759758e+06 4.893285e-04 3.000000e+01 3.799769e-02 1.000000e+00
8.181361e-09 3.954347e+06 5.146540e-04 3.000000e+01 3.945085e-02 1.000000e+00
8.835870e-09 4.164997e+06 5.420699e-04 3.000000e+01 4.098228e-02 1.000000e+00
9.542739e-09 4.392945e+06 5.717371e-04 3.000000e+01 4.259309e-02 1.000000e+00
1.030616e-08 4.639481e+06 6.038235e-04 3.000000e+01 4.428396e-02 1.000000e+00
1.113065e-08 4.905942e+06 6.385031e-04 3.000000e+01 4.605515e-02 1.000000e+00
1.202110e-08 5.193691e+06 6.759533e-04 3.000000e+01 4.790644e-02 1.000000e+00
1.298279e-08 5.504092e+06 7.163517e-04 3.000000e+01 4.983721e-02 1.000000e+00
1.402142e-08 5.838478e+06 7.598716e-04 3.000000e+01 5.184644e-02 1.000000e+00
1.514313e-08 6.198096e+06 8.066756e-04 3.000000e+01 5.393278e-02 1.000000e+00
1.635458e-08 6.584049e+06 8.569069e-04 3.000000e+01 5.609472e-02 1.000000e+00
1.766294e-08 6.997198e+06 9.106778e-04 3.000000e+01 5.833072e-02 1.000000e+00
1.907598e-08 7.438050e+06 9.680542e-04 3.000000e+01 6.063949e-02 1.000000e+00
2.060206e-08 7.906601e+06 1.029036e-03 3.000000e+01 6.302030e-02 1.000000e+00
2.225022e-08 8.402130e+06 1.093528e-03 3.000000e+01 6.547341e-02 1.000000e+00
2.403024e-08 8.922935e+06 1.161310e-03 3.000000e+01 6.800061e-02 1.000000e+00
2.595266e-08 9.465988e+06 1.231988e-03 3.000000e+01 7.060597e-02 1.000000e+00
2.802887e-08 1.002653e+07 1.304942e-03 3.000000e+01 7.329674e-02 1.000000e+00
3.027118e-08 1.059982e+07 1.379556e-03 3.000000e+01 7.608387e-02 1.000000e+00
3.269288e-08 1.118288e+07 1.455440e-03 3.000000e+01 7.898023e-02 1.000000e+00
3.530831e-08 1.177246e+07 1.532173e-03 3.000000e+01 8.200019e-02 1.000000e+00
3.813297e-08 1.236490e+07 1.609279e-03 3.000000e+01 8.516018e-02 1.000000e+00
4.118361e-08 1.295621e+07 1.686237e-03 3.000000e+01 8.847915e-02 1.000000e+00
4.447830e-08 1.354220e+07 1.762502e-03 3.000000e+01 9.197896e-02 1.000000e+00
4.803656e-08 1.411866e+07 1.837528e-03 3.000000e+01 9.568470e-02 1.000000e+00
5.187949e-08 1.468174e+07 1.910813e-03 3.000000e+01 9.962472e-02 1.000000e+00
5.602985e-08 1.522841e+07 1.981961e-03 3.000000e+01 1.038305e-01 1.000000e+00
6.051224e-08 1.575709e+07 2.050769e-03 3.000000e+01 1.083356e-01 1.000000e+00
6.535321e-08 1.626867e+07 2.117350e-03 3.000000e+01 1.131742e-01 1.000000e+00
7.058147e-08 1.676772e+07 2.182301e-03 3.000000e+01 1.183781e-01 1.000000e+00
7.622799e-08 1.726432e+07 2.246933e-03 3.000000e+01 1.239706e-01 1.000000e+00
8.232623e-08 1.777636e+07 2.313574e-03 3.000000e+01 1.299593e-01 1.000000e+00
8.891233e-08 1.833267e+07 2.385978e-03 3.000000e+01 1.363239e-01 1.000000e+00
9.602531e-08 1.896652e+07 2.468472e-03 3.000000e+01 1.430053e-01 1.000000e+00
1.037073e-07 1.969131e+07 2.562803e-03 3.000000e+01 1.499229e-01 1.000000e+00
1.120039e-07 2.051617e+07 2.670157e-03 3.000000e+01 1.569959e-01 1.000000e+00
1.209642e-07 2.144995e+07 2.791688e-03 3.000000e+01 1.641482e-01 1.000000e+00
1.306414e-07 2.250078e+07 2.928452e-03 3.000000e+01 1.713128e-01 1.000000e+00
1.410927e-07 2.367533e+07 3.081319e-03 3.000000e+01 1.784352e-01 1.000000e+00
1.523801e-07 2.497784e+07 3.250839e-03 3.000000e+01 1.854756e-01 1.000000e+00
1.645705e-07 2.640873e+07 3.437068e-03 3.000000e+01 1.924111e-01 1.000000e+00
1.777362e-07 2.796283e+07 3.639332e-03 3.000000e+01 1.992355e-01 1.000000e+00
1.919550e-07 2.962904e+07 3.856188e-03 3.000000e+01 2.059604e-01 1.000000e+00
2.073114e-07 3.140191e+07 4.086925e-03 3.000000e+01 2.126090e-01 1.000000e+00
2.238964e-07 3.327716e+07 4.330987e-03 3.000000e+01 2.192073e-01 1.000000e+00
2.418081e-07 3.524590e+07 4.587216e-03 3.000000e+01 2.257849e-01 1.000000e+00
2.611527e-07 3.729293e+07 4.853635e-03 3.000000e+01 2.323764e-01 1.000000e+00
2.820449e-07 3.939465e+07 5.127171e-03 3.000000e+01 2.390244e-01 1.000000e+00
3.046085e-07 4.151622e+07 5.403292e-03 3.000000e+01 2.457841e-01 1.000000e+00
3.289772e-07 4.360820e+07 5.675560e-03 3.000000e+01 2.527286e-01 1.000000e+00
3.552954e-07 4.562858e+07 5.938510e-03 3.000000e+01 2.599537e-01 1.000000e+00
3.837190e-07 4.758987e+07 6.193770e-03 3.000000e+01 2.675557e-01 1.000000e+00
4.144165e-07 4.953354e+07 6.446736e-03 3.000000e+01 2.756091e-01 1.000000e+00
4.475699e-07 5.153360e+07 6.707042e-03 3.000000e+01 2.841521e-01 1.000000e+00
4.833755e-07 5.370966e+07 6.990255e-03 3.000000e+01 2.931635e-01 1.000000e+00
5.220455e-07 5.624424e+07 7.320127e-03 3.000000e+01 3.025315e-01 1.000000e+00
5.638091e-07 5.939390e+07 7.730053e-03 3.000000e+01 3.120208e-01 1.000000e+00
6.089139e-07 6.330406e+07 8.238956e-03 3.000000e+01 3.213037e-01 1.000000e+00
6.576270e-07 6.794829e+07 8.843396e-03 3.000000e+01 3.301100e-01 1.000000e+00
7.102371e-07 7.323177e+07 9.531036e-03 3.000000e+01 3.382851e-01 1.000000e+00
7.670561e-07 7.896849e+07 1.027766e-02 3.000000e+01 3.457964e-01 1.000000e+00
8.284206e-07 8.485117e+07 1.104329e-02 3.000000e+01 3.527273e-01 1.000000e+00
8.946942e-07 9.063784e+07 1.179642e-02 3.000000e+01 3.592498e-01 1.000000e+00
9.662698e-07 9.629854e+07 1.253315e-02 3.000000e+01 3.655329e-01 1.000000e+00
1.043571e-06 1.018382e+08 1.325413e-02 3.000000e+01 3.717132e-01 1.000000e+00
1.127057e-06 1.072938e+08 1.396417e-02 3.000000e+01 3.778991e-01 1.000000e+00
1.217222e-06 1.127502e+08 1.467431e-02 3.000000e+01 3.841697e-01 1.000000e+00
1.314599e-06 1.182964e+08 1.539615e-02 3.000000e+01 3.905704e-01 1.000000e+00
1.419767e-06 1.237451e+08 1.610529e-02 3.000000e+01 3.971503e-01 1.000000e+00
1.533349e-06 1.287139e+08 1.675198e-02 3.000000e+01 4.040311e-01 1.000000e+00
1.656017e-06 1.326538e+08 1.726475e-02 3.000000e+01 4.114564e-01 1.000000e+00
1.788498e-06 1.348174e+08 1.754633e-02 3.000000e+01 4.198744e-01 1.000000e+00
1.931578e-06 1.353349e+08 1.761370e-02 3.000000e+01 4.299913e-01 1.000000e+00
2.086104e-06 1.363240e+08 1.774242e-02 3.000000e+01 4.423245e-01 1.000000e+00
2.252992e-06 1.412504e+08 1.838359e-02 3.000000e+01 4.563601e-01 1.000000e+00
2.433232e-06 1.550285e+08 2.017680e-02 3.000000e+01 4.697492e-01 1.000000e+00
2.627890e-06 1.793857e+08 2.334686e-02 3.000000e+01 4.795288e-01 1.000000e+00
2.838121e-06 2.110970e+08 2.747405e-02 3.000000e+01 4.850253e-01 1.000000e+00
3.065171e-06 2.445844e+08 3.183240e-02 3.000000e+01 4.873025e-01 1.000000e+00
3.310385e-06 2.760547e+08 3.592822e-02 3.000000e+01 4.875945e-01 1.000000e+00
3.575216e-06 3.049143e+08 3.968427e-02 3.000000e+01 4.866584e-01 1.000000e+00
3.861233e-06 3.307478e+08 4.304647e-02 3.000000e+01 4.849103e-01 1.000000e+00
4.170132e-06 3.532396e+08 4.597375e-02 3.000000e+01 4.825935e-01 1.000000e+00
4.503742e-06 3.722966e+08 4.845401e-02 3.000000e+01 4.798647e-01 1.000000e+00
4.864041e-06 3.883881e+08 5.054830e-02 3.000000e+01 4.768436e-01 1.000000e+00
5.253165e-06 4.026522e+08 5.240475e-02 3.000000e+01 4.736418e-01 1.000000e+00
5.673418e-06 4.170982e+08 5.428488e-02 3.000000e+01 4.703763e-01 1.000000e+00
6.127291e-06 4.347495e+08 5.658218e-02 3.000000e+01 4.671620e-01 1.000000e+00
6.617475e-06 4.572046e+08 5.950469e-02 3.000000e+01 4.640684e-01 1.000000e+00
7.146873e-06 4.842878e+08 6.302954e-02 3.000000e+01 4.610912e-01 1.000000e+00
7.718622e-06 5.153673e+08 6.707450e-02 3.000000e+01 4.581855e-01 1.000000e+00
8.336112e-06 5.495311e+08 7.152089e-02 3.000000e+01 4.552963e-01 1.000000e+00
9.003001e-06 5.861677e+08 7.628910e-02 3.000000e+01 4.523784e-01 1.000000e+00
9.723241e-06 6.244095e+08 8.126623e-02 3.000000e+01 4.494002e-01 1.000000e+00
1.050110e-05 6.629852e+08 8.628682e-02 3.000000e+01 4.463410e-01 1.000000e+00
1.134119e-05 7.015540e+08 9.130650e-02 3.000000e+01 4.431961e-01 1.000000e+00
1.224848e-05 7.409348e+08 9.643186e-02 2.969000e+01 4.394396e-01 1.000000e+00
1.322836e-05 7.824793e+08 1.018388e-01 2.934000e+01 4.356462e-01 1.000000e+00
1.428663e-05 8.264387e+08 1.075601e-01 2.897000e+01 4.318825e-01 1.000000e+00
1.542956e-05 8.704759e+08 1.132915e-01 2.860000e+01 4.281932e-01 1.000000e+00
1.666393e-05 9.109003e+08 1.185527e-01 2.822000e+01 4.245660e-01 1.000000e+00
1.799704e-05 9.460387e+08 1.231259e-01 2.781000e+01 4.210007e-01 1.000000e+00
1.943680e-05 9.797167e+08 1.275091e-01 2.737000e+01 4.175966e-01 1.000000e+00
2.099175e-05 1.018370e+09 1.325398e-01 2.690000e+01 4.144909e-01 1.000000e+00
2.267109e-05 1.065181e+09 1.386322e-01 2.642000e+01 4.118113e-01 1.000000e+00
2.448478e-05 1.118560e+09 1.455794e-01 2.593000e+01 4.095695e-01 1.000000e+00
2.644356e-05 1.174607e+09 1.528738e-01 2.545000e+01 4.077592e-01 1.000000e+00
2.855904e-05 1.224660e+09 1.593882e-01 2.496000e+01 4.063344e-01 1.000000e+00
3.084377e-05 1.257944e+09 1.637201e-01 2.445000e+01 4.053705e-01 1.000000e+00
3.331127e-05 1.282328e+09 1.668937e-01 2.390000e+01 4.051057e-01 1.000000e+00
3.597617e-05 1.320484e+09 1.718596e-01 2.332000e+01 4.058072e-01 1.000000e+00
3.885426e-05 1.373237e+09 1.787254e-01 2.274000e+01 4.074823e-01 1.000000e+00
4.196260e-05 1.420505e+09 1.848773e-01 2.217000e+01 4.100750e-01 1.000000e+00
4.531961e-05 1.459007e+09 1.898882e-01 2.160000e+01 4.137284e-01 1.000000e+00
4.894518e-05 1.498136e+09 1.949808e-01 2.103000e+01 4.186281e-01 1.000000e+00
5.286079e-05 1.552633e+09 2.020735e-01 2.048000e+01 4.247522e-01 1.000000e+00
5.708966e-05 1.613662e+09 2.100163e-01 1.995000e+01 4.317904e-01 1.000000e+00
6.165683e-05 1.643124e+09 2.138508e-01 1.944000e+01 4.400307e-01 1.000000e+00
6.658938e-05 1.675775e+09 2.181003e-01 1.893000e+01 4.500796e-01 1.000000e+00
7.191653e-05 1.725565e+09 2.245804e-01 1.844000e+01 4.616105e-01 1.000000e+00
7.766985e-05 1.765478e+09 2.297750e-01 1.798000e+01 4.746613e-01 1.000000e+00
8.388344e-05 1.820080e+09 2.368815e-01 1.755000e+01 4.892234e-01 1.000000e+00
9.059411e-05 1.881838e+09 2.449192e-01 1.715000e+01 5.048297e-01 1.000000e+00
9.784164e-05 1.917237e+09 2.495264e-01 1.678000e+01 5.218226e-01 1.000000e+00
1.056690e-04 1.953407e+09 2.542338e-01 1.643000e+01 5.409477e-01 1.000000e+00
1.141225e-04 2.005154e+09 2.609687e-01 1.610000e+01 5.617820e-01 1.000000e+00
1.232523e-04 2.065035e+09 2.687621e-01 1.580000e+01 5.838675e-01 1.000000e+00
1.331125e-04 2.107298e+09 2.742626e-01 1.553000e+01 6.074913e-01 1.000000e+00
1.437615e-04 2.150381e+09 2.798698e-01 1.527000e+01 6.329536e-01 1.000000e+00
1.552624e-04 2.205612e+09 2.870580e-01 1.504000e+01 6.604469e-01 1.000000e+00
1.676834e-04 2.275728e+09 2.961835e-01 1.483000e+01 6.886304e-01 1.000000e+00
1.810980e-04 2.311712e+09 3.008668e-01 1.464000e+01 7.186773e-01 1.000000e+00
1.955859e-04 2.370971e+09 3.085794e-01 1.446000e+01 7.505459e-01 1.000000e+00
2.112328e-04 2.418327e+09 3.147426e-01 1.430000e+01 7.839334e-01 1.000000e+00
2.281314e-04 2.490738e+09 3.241669e-01 1.416000e+01 8.188628e-01 1.000000e+00
2.463819e-04 2.541784e+09 3.308105e-01 1.402000e+01 8.549985e-01 1.000000e+00
2.660924e-04 2.602522e+09 3.387154e-01 1.391000e+01 8.927651e-01 1.000000e+00
2.873798e-04 2.667452e+09 3.471660e-01 1.380000e+01 9.318438e-01 1.000000e+00
3.103702e-04 2.732359e+09 3.556136e-01 1.370000e+01 9.721883e-01 1.000000e+00
3.351998e-04 2.800297e+09 3.644557e-01 1.361000e+01 1.013595e+00 1.000000e+00
3.620158e-04 2.872192e+09 3.738127e-01 1.353000e+01 1.056045e+00 1.000000e+00
3.909771e-04 2.945729e+09 3.833834e-01 1.345000e+01 1.099433e+00 1.000000e+00
4.222553e-04 3.020754e+09 3.931479e-01 1.339000e+01 1.143450e+00 1.000000e+00
4.560357e-04 3.108702e+09 4.045942e-01 1.332000e+01 1.188010e+00 1.000000e+00
4.925185e-04 3.193352e+09 4.156114e-01 1.326000e+01 1.232944e+00 1.000000e+00
5.319200e-04 3.285194e+09 4.275645e-01 1.320000e+01 1.278051e+00 1.000000e+00
5.744736e-04 3.382502e+09 4.402290e-01 1.315000e+01 1.323123e+00 1.000000e+00
6.204315e-04 3.487759e+09 4.539280e-01 1.310000e+01 1.367944e+00 1.000000e+00
6.700660e-04 3.595238e+09 4.679164e-01 1.304000e+01 1.412263e+00 1.000000e+00
7.236713e-04 3.712542e+09 4.831833e-01 1.299000e+01 1.455931e+00 1.000000e+00
7.815650e-04 3.835227e+09 4.991507e-01 1.294000e+01 1.498707e+00 1.000000e+00
8.440902e-04 3.972060e+09 5.169593e-01 1.289000e+01 1.540316e+00 1.000000e+00
9.116175e-04 4.115838e+09 5.356719e-01 1.283000e+01 1.580663e+00 1.000000e+00
9.845469e-04 4.269472e+09 5.556672e-01 1.278000e+01 1.619493e+00 1.000000e+00
1.063311e-03 4.430305e+09 5.765994e-01 1.272000e+01 1.656632e+00 1.000000e+00
1.148375e-03 4.610252e+09 6.000194e-01 1.266000e+01 1.691942e+00 1.000000e+00
1.240245e-03 4.805284e+09 6.254026e-01 1.260000e+01 1.725287e+00 1.000000e+00
1.339465e-03 5.005951e+09 6.515191e-01 1.253000e+01 1.756529e+00 1.000000e+00
1.446622e-03 5.228128e+09 6.804353e-01 1.246000e+01 1.785544e+00 1.000000e+00
1.562352e-03 5.462824e+09 7.109807e-01 1.239000e+01 1.812273e+00 1.000000e+00
1.687340e-03 5.716540e+09 7.440015e-01 1.232000e+01 1.836644e+00 1.000000e+00
1.822328e-03 5.992792e+09 7.799554e-01 1.224000e+01 1.858633e+00 1.000000e+00
1.968114e-03 6.280812e+09 8.174410e-01 1.217000e+01 1.878196e+00 1.000000e+00
2.125563e-03 6.603434e+09 8.594298e-01 1.209000e+01 1.895308e+00 1.000000e+00
2.295608e-03 6.950696e+09 9.046256e-01 1.200000e+01 1.910006e+00 1.000000e+00
2.479256e-03 7.322188e+09 9.529749e-01 1.192000e+01 1.922307e+00 1.000000e+00
2.677597e-03 7.722983e+09 1.005138e+00 1.183000e+01 1.932265e+00 1.000000e+00
2.891805e-03 8.157011e+09 1.061626e+00 1.174000e+01 1.939928e+00 1.000000e+00
3.123149e-03 8.625179e+09 1.122558e+00 1.165000e+01 1.945364e+00 1.000000e+00
3.373001e-03 9.126450e+09 1.187798e+00 1.155000e+01 1.948653e+00 1.000000e+00
3.642841e-03 9.676421e+09 1.259376e+00 1.146000e+01 1.949875e+00 1.000000e+00
3.934268e-03 1.026502e+10 1.335981e+00 1.136000e+01 1.949127e+00 0.000000e+00
4.249010e-03 1.090940e+10 1.419846e+00 1.127000e+01 1.946512e+00 0.000000e+00
4.588931e-03 1.159609e+10 1.509218e+00 1.117000e+01 1.942129e+00 0.000000e+00
4.956045e-03 1.234391e+10 1.606547e+00 1.107000e+01 1.936088e+00 0.000000e+00
5.352529e-03 1.315192e+10 1.711708e+00 1.098000e+01 1.928502e+00 0.000000e+00
5.780731e-03 1.402585e+10 1.825450e+00 1.088000e+01 1.919477e+00 0.000000e+00
6.243190e-03 1.497576e+10 1.949079e+00 1.078000e+01 1.909127e+00 0.000000e+00
6.742645e-03 1.599866e+10 2.082208e+00 1.069000e+01 1.897567e+00 0.000000e+00
7.282056e-03 1.710801e+10 2.226589e+00 1.059000e+01 1.884901e+00 0.000000e+00
7.864621e-03 1.830877e+10 2.382866e+00 1.050000e+01 1.871242e+00 0.000000e+00
8.493791e-03 1.960920e+10 2.552117e+00 1.040000e+01 1.856693e+00 0.000000e+00
9.173294e-03 2.101508e+10 2.735090e+00 1.031000e+01 1.841360e+00 0.000000e+00
9.907157e-03 2.254336e+10 2.933994e+00 1.022000e+01 1.825344e+00 0.000000e+00
1.069973e-02 2.419388e+10 3.148807e+00 1.014000e+01 1.808741e+00 0.000000e+00
1.155571e-02 2.598356e+10 3.381732e+00 1.005000e+01 1.791642e+00 0.000000e+00
1.248016e-02 2.791974e+10 3.633724e+00 9.970000e+00 1.774140e+00 0.000000e+00
1.347858e-02 3.001740e+10 3.906733e+00 9.890000e+00 1.756319e+00 0.000000e+00
1.455686e-02 3.228938e+10 4.202429e+00 9.810000e+00 1.738261e+00 0.000000e+00
1.572141e-02 3.475067e+10 4.522762e+00 9.730000e+00 1.720044e+00 0.000000e+00
1.697913e-02 3.741691e+10 4.869770e+00 9.660000e+00 1.701743e+00 0.000000e+00
1.833746e-02 4.030458e+10 5.245598e+00 9.590000e+00 1.683428e+00 0.000000e+00
1.980445e-02 4.342919e+10 5.652262e+00 9.530000e+00 1.665164e+00 0.000000e+00
2.138881e-02 4.681513e+10 6.092939e+00 9.460000e+00 1.647013e+00 0.000000e+00
2.309991e-02 5.048180e+10 6.570152e+00 9.400000e+00 1.629035e+00 0.000000e+00
2.494791e-02 5.445326e+10 7.087034e+00 9.350000e+00 1.611286e+00 0.000000e+00
2.694374e-02 5.875280e+10 7.646613e+00 9.300000e+00 1.593816e+00 0.000000e+00
2.909924e-02 6.340844e+10 8.252540e+00 9.250000e+00 1.576674e+00 0.000000e+00
3.142718e-02 6.844952e+10 8.908631e+00 9.200000e+00 1.559905e+00 0.000000e+00
3.394135e-02 7.409381e+10 9.643230e+00 9.160000e+00 1.543566e+00 0.000000e+00
3.665666e-02 8.066581e+10 1.049857e+01 9.120000e+00 1.527883e+00 0.000000e+00
3.958919e-02 8.767894e+10 1.141132e+01 9.090000e+00 1.512891e+00 0.000000e+00
