# source=C  m_Δ=400
# integrator=rk4  rstep_km=0.01
# columns=Pc_dimless epsilon_c_mev4 epsilon_c_gev_fm3 radius_km mass_msun stable_flag
1.264458e-11 7.063189e+06 9.192665e-04 7.400000e-01 1.398211e-06 1.000000e+00
1.365614e-11 7.063334e+06 9.192853e-04 7.700000e-01 1.575262e-06 1.000000e+00
1.474864e-11 7.063490e+06 9.193056e-04 8.000000e-01 1.766665e-06 1.000000e+00
1.592853e-11 7.063658e+06 9.193275e-04 8.300000e-01 1.972980e-06 1.000000e+00
1.720281e-11 7.063840e+06 9.193512e-04 8.700000e-01 2.272213e-06 1.000000e+00
1.857903e-11 7.064037e+06 9.193768e-04 9.000000e-01 2.515499e-06 1.000000e+00
2.006536e-11 7.064249e+06 9.194045e-04 9.400000e-01 2.866053e-06 1.000000e+00
2.167058e-11 7.064479e+06 9.194343e-04 9.700000e-01 3.149363e-06 1.000000e+00
2.340423e-11 7.064726e+06 9.194665e-04 1.010000e+00 3.555307e-06 1.000000e+00
2.527657e-11 7.064994e+06 9.195013e-04 1.050000e+00 3.994728e-06 1.000000e+00
2.729870e-11 7.065283e+06 9.195389e-04 1.090000e+00 4.468955e-06 1.000000e+00
2.948259e-11 7.065595e+06 9.195796e-04 1.130000e+00 4.979321e-06 1.000000e+00
3.184120e-11 7.065932e+06 9.196234e-04 1.180000e+00 5.670056e-06 1.000000e+00
3.438849e-11 7.066296e+06 9.196708e-04 1.220000e+00 6.266592e-06 1.000000e+00
3.713957e-11 7.066689e+06 9.197219e-04 1.270000e+00 7.069227e-06 1.000000e+00
4.011074e-11 7.067113e+06 9.197772e-04 1.320000e+00 7.937666e-06 1.000000e+00
4.331960e-11 7.067572e+06 9.198369e-04 1.370000e+00 8.874510e-06 1.000000e+00
4.678517e-11 7.068067e+06 9.199013e-04 1.430000e+00 1.009255e-05 1.000000e+00
5.052798e-11 7.068602e+06 9.199709e-04 1.480000e+00 1.118904e-05 1.000000e+00
5.457022e-11 7.069179e+06 9.200461e-04 1.540000e+00 1.260617e-05 1.000000e+00
5.893584e-11 7.069803e+06 9.201273e-04 1.600000e+00 1.413826e-05 1.000000e+00
6.365070e-11 7.070477e+06 9.202150e-04 1.660000e+00 1.578984e-05 1.000000e+00
6.874276e-11 7.071205e+06 9.203097e-04 1.730000e+00 1.787342e-05 1.000000e+00
7.424218e-11 7.071991e+06 9.204120e-04 1.790000e+00 1.979934e-05 1.000000e+00
8.018155e-11 7.072840e+06 9.205225e-04 1.860000e+00 2.221525e-05 1.000000e+00
8.659608e-11 7.073756e+06 9.206418e-04 1.940000e+00 2.520790e-05 1.000000e+00
9.352376e-11 7.074747e+06 9.207707e-04 2.010000e+00 2.803797e-05 1.000000e+00
1.010057e-10 7.075816e+06 9.209099e-04 2.090000e+00 3.152265e-05 1.000000e+00
1.090861e-10 7.076971e+06 9.210602e-04 2.170000e+00 3.528517e-05 1.000000e+00
1.178130e-10 7.078219e+06 9.212226e-04 2.260000e+00 3.986264e-05 1.000000e+00
1.272380e-10 7.079566e+06 9.213980e-04 2.350000e+00 4.482044e-05 1.000000e+00
1.374171e-10 7.081022e+06 9.215874e-04 2.440000e+00 5.017395e-05 1.000000e+00
1.484105e-10 7.082594e+06 9.217920e-04 2.530000e+00 5.593863e-05 1.000000e+00
1.602833e-10 7.084292e+06 9.220129e-04 2.630000e+00 6.284320e-05 1.000000e+00
1.731060e-10 7.086126e+06 9.222516e-04 2.730000e+00 7.029518e-05 1.000000e+00
1.869544e-10 7.088106e+06 9.225094e-04 2.840000e+00 7.914777e-05 1.000000e+00
2.019108e-10 7.090246e+06 9.227879e-04 2.950000e+00 8.871610e-05 1.000000e+00
2.180637e-10 7.092557e+06 9.230886e-04 3.070000e+00 1.000010e-04 1.000000e+00
2.355087e-10 7.095053e+06 9.234135e-04 3.180000e+00 1.111574e-04 1.000000e+00
2.543494e-10 7.097749e+06 9.237644e-04 3.310000e+00 1.253725e-04 1.000000e+00
2.746974e-10 7.100661e+06 9.241434e-04 3.440000e+00 1.407549e-04 1.000000e+00
2.966732e-10 7.103807e+06 9.245528e-04 3.570000e+00 1.573521e-04 1.000000e+00
3.204071e-10 7.107205e+06 9.249951e-04 3.710000e+00 1.766328e-04 1.000000e+00
3.460396e-10 7.110875e+06 9.254728e-04 3.850000e+00 1.974355e-04 1.000000e+00
3.737228e-10 7.114840e+06 9.259888e-04 4.000000e+00 2.214722e-04 1.000000e+00
4.036206e-10 7.119123e+06 9.265463e-04 4.160000e+00 2.491833e-04 1.000000e+00
4.359103e-10 7.123750e+06 9.271484e-04 4.320000e+00 2.791283e-04 1.000000e+00
4.707831e-10 7.128748e+06 9.277989e-04 4.490000e+00 3.134803e-04 1.000000e+00
5.084457e-10 7.134147e+06 9.285016e-04 4.660000e+00 3.505614e-04 1.000000e+00
5.491214e-10 7.139980e+06 9.292608e-04 4.840000e+00 3.929020e-04 1.000000e+00
5.930511e-10 7.146282e+06 9.300809e-04 5.030000e+00 4.411652e-04 1.000000e+00
6.404952e-10 7.153090e+06 9.309670e-04 5.220000e+00 4.932631e-04 1.000000e+00
6.917348e-10 7.160445e+06 9.319242e-04 5.420000e+00 5.523885e-04 1.000000e+00
7.470736e-10 7.168392e+06 9.329585e-04 5.630000e+00 6.193873e-04 1.000000e+00
8.068395e-10 7.176978e+06 9.340760e-04 5.850000e+00 6.951953e-04 1.000000e+00
8.713866e-10 7.186255e+06 9.352833e-04 6.070000e+00 7.770255e-04 1.000000e+00
9.410976e-10 7.196279e+06 9.365880e-04 6.310000e+00 8.733475e-04 1.000000e+00
1.016385e-09 7.207110e+06 9.379977e-04 6.550000e+00 9.774273e-04 1.000000e+00
1.097696e-09 7.218815e+06 9.395210e-04 6.800000e+00 1.094378e-03 1.000000e+00
1.185512e-09 7.231463e+06 9.411672e-04 7.060000e+00 1.225617e-03 1.000000e+00
1.280353e-09 7.245133e+06 9.429462e-04 7.330000e+00 1.372698e-03 1.000000e+00
1.382781e-09 7.259905e+06 9.448689e-04 7.600000e+00 1.531333e-03 1.000000e+00
1.493404e-09 7.275872e+06 9.469469e-04 7.890000e+00 1.714880e-03 1.000000e+00
1.612876e-09 7.293130e+06 9.491930e-04 8.190000e+00 1.919808e-03 1.000000e+00
1.741906e-09 7.311784e+06 9.516208e-04 8.500000e+00 2.148315e-03 1.000000e+00
1.881258e-09 7.331949e+06 9.542452e-04 8.810000e+00 2.394753e-03 1.000000e+00
2.031759e-09 7.353748e+06 9.570824e-04 9.140000e+00 2.677198e-03 1.000000e+00
2.194300e-09 7.377316e+06 9.601498e-04 9.480000e+00 2.991005e-03 1.000000e+00
2.369844e-09 7.402798e+06 9.634662e-04 9.840000e+00 3.349255e-03 1.000000e+00
2.559431e-09 7.430352e+06 9.670523e-04 1.020000e+01 3.736001e-03 1.000000e+00
2.764186e-09 7.460147e+06 9.709302e-04 1.057000e+01 4.164168e-03 1.000000e+00
2.985321e-09 7.492371e+06 9.751240e-04 1.096000e+01 4.650094e-03 1.000000e+00
3.224146e-09 7.527223e+06 9.796600e-04 1.136000e+01 5.187428e-03 1.000000e+00
3.482078e-09 7.564921e+06 9.845664e-04 1.176000e+01 5.766613e-03 1.000000e+00
3.760644e-09 7.605702e+06 9.898740e-04 1.219000e+01 6.435794e-03 1.000000e+00
4.061496e-09 7.649823e+06 9.956162e-04 1.262000e+01 7.157580e-03 1.000000e+00
4.386415e-09 7.697561e+06 1.001829e-03 1.306000e+01 7.952350e-03 1.000000e+00
4.737329e-09 7.749218e+06 1.008552e-03 1.352000e+01 8.845558e-03 1.000000e+00
5.116315e-09 7.805123e+06 1.015828e-03 1.399000e+01 9.828032e-03 1.000000e+00
5.525620e-09 7.865632e+06 1.023704e-03 1.447000e+01 1.090767e-02 1.000000e+00
5.967670e-09 7.931129e+06 1.032228e-03 1.496000e+01 1.209300e-02 1.000000e+00
6.445083e-09 8.002035e+06 1.041456e-03 1.547000e+01 1.341800e-02 1.000000e+00
6.960690e-09 8.078803e+06 1.051448e-03 1.598000e+01 1.484481e-02 1.000000e+00
7.517545e-09 8.161926e+06 1.062266e-03 1.651000e+01 1.643555e-02 1.000000e+00
8.118949e-09 8.251939e+06 1.073981e-03 1.704000e+01 1.814731e-02 1.000000e+00
8.768465e-09 8.349418e+06 1.086668e-03 1.758000e+01 2.001907e-02 1.000000e+00
9.469942e-09 8.454991e+06 1.100408e-03 1.813000e+01 2.206433e-02 1.000000e+00
1.022754e-08 8.569333e+06 1.115290e-03 1.869000e+01 2.429760e-02 1.000000e+00
1.104574e-08 8.693175e+06 1.131407e-03 1.926000e+01 2.673448e-02 1.000000e+00
1.192940e-08 8.827304e+06 1.148864e-03 1.983000e+01 2.935094e-02 1.000000e+00
1.288375e-08 8.972565e+06 1.167770e-03 2.040000e+01 3.215756e-02 1.000000e+00
1.391445e-08 9.129865e+06 1.188242e-03 2.098000e+01 3.521108e-02 1.000000e+00
1.502761e-08 9.300175e+06 1.210408e-03 2.156000e+01 3.848283e-02 1.000000e+00
1.622982e-08 9.484524e+06 1.234401e-03 2.214000e+01 4.198539e-02 1.000000e+00
1.752820e-08 9.684005e+06 1.260363e-03 2.272000e+01 4.573187e-02 1.000000e+00
1.893046e-08 9.899764e+06 1.288444e-03 2.330000e+01 4.973586e-02 1.000000e+00
2.044489e-08 1.013300e+07 1.318799e-03 2.387000e+01 5.395233e-02 1.000000e+00
2.208049e-08 1.038494e+07 1.351588e-03 2.444000e+01 5.844877e-02 1.000000e+00
2.384692e-08 1.065683e+07 1.386975e-03 2.500000e+01 6.317466e-02 1.000000e+00
2.575468e-08 1.094993e+07 1.425121e-03 2.555000e+01 6.813548e-02 1.000000e+00
2.781505e-08 1.126542e+07 1.466183e-03 2.609000e+01 7.333639e-02 1.000000e+00
3.004026e-08 1.160443e+07 1.510304e-03 2.663000e+01 7.885556e-02 1.000000e+00
3.244348e-08 1.196790e+07 1.557609e-03 2.714000e+01 8.447721e-02 1.000000e+00
3.503896e-08 1.235654e+07 1.608190e-03 2.765000e+01 9.042542e-02 1.000000e+00
3.784207e-08 1.277070e+07 1.662093e-03 2.813000e+01 9.646648e-02 1.000000e+00
4.086944e-08 1.321022e+07 1.719295e-03 2.861000e+01 1.028412e-01 1.000000e+00
4.413899e-08 1.367421e+07 1.779684e-03 2.906000e+01 1.092994e-01 1.000000e+00
4.767011e-08 1.416084e+07 1.843018e-03 2.951000e+01 1.160997e-01 1.000000e+00
5.148372e-08 1.466694e+07 1.908886e-03 2.993000e+01 1.229782e-01 1.000000e+00
5.560242e-08 1.518761e+07 1.976651e-03 3.000000e+01 1.268949e-01 1.000000e+00
6.005061e-08 1.571565e+07 2.045375e-03 3.000000e+01 1.303672e-01 1.000000e+00
6.485466e-08 1.624103e+07 2.113752e-03 3.000000e+01 1.340687e-01 1.000000e+00
7.004303e-08 1.675542e+07 2.180700e-03 3.000000e+01 1.380294e-01 1.000000e+00
7.564648e-08 1.725493e+07 2.245711e-03 3.000000e+01 1.422828e-01 1.000000e+00
8.169820e-08 1.773671e+07 2.308414e-03 3.000000e+01 1.468639e-01 1.000000e+00
8.823405e-08 1.819940e+07 2.368632e-03 3.000000e+01 1.518083e-01 1.000000e+00
9.529277e-08 1.864402e+07 2.426499e-03 3.000000e+01 1.571509e-01 1.000000e+00
1.029162e-07 1.907529e+07 2.482628e-03 3.000000e+01 1.629217e-01 1.000000e+00
1.111495e-07 1.950329e+07 2.538333e-03 3.000000e+01 1.691407e-01 1.000000e+00
1.200415e-07 1.994579e+07 2.595924e-03 3.000000e+01 1.758095e-01 1.000000e+00
1.296448e-07 2.043128e+07 2.659109e-03 3.000000e+01 1.829005e-01 1.000000e+00
1.400163e-07 2.100303e+07 2.733521e-03 3.000000e+01 1.903443e-01 1.000000e+00
1.512177e-07 2.171674e+07 2.826411e-03 3.000000e+01 1.980197e-01 1.000000e+00
1.633151e-07 2.259999e+07 2.941364e-03 3.000000e+01 2.057816e-01 1.000000e+00
1.763803e-07 2.366401e+07 3.079845e-03 3.000000e+01 2.135091e-01 1.000000e+00
1.904907e-07 2.491506e+07 3.242668e-03 3.000000e+01 2.211183e-01 1.000000e+00
2.057300e-07 2.635165e+07 3.429638e-03 3.000000e+01 2.285666e-01 1.000000e+00
2.221883e-07 2.796074e+07 3.639060e-03 3.000000e+01 2.358512e-01 1.000000e+00
2.399634e-07 2.971269e+07 3.867075e-03 3.000000e+01 2.430054e-01 1.000000e+00
2.591605e-07 3.155663e+07 4.107062e-03 3.000000e+01 2.500969e-01 1.000000e+00
2.798933e-07 3.345847e+07 4.354584e-03 3.000000e+01 2.572151e-01 1.000000e+00
3.022848e-07 3.541558e+07 4.609299e-03 3.000000e+01 2.644389e-01 1.000000e+00
3.264676e-07 3.742799e+07 4.871212e-03 3.000000e+01 2.718308e-01 1.000000e+00
3.525850e-07 3.949804e+07 5.140628e-03 3.000000e+01 2.794417e-01 1.000000e+00
3.807918e-07 4.163177e+07 5.418330e-03 3.000000e+01 2.873121e-01 1.000000e+00
4.112551e-07 4.384074e+07 5.705826e-03 3.000000e+01 2.954721e-01 1.000000e+00
4.441555e-07 4.614387e+07 6.005575e-03 3.000000e+01 3.039401e-01 1.000000e+00
4.796880e-07 4.856785e+07 6.321053e-03 3.000000e+01 3.127200e-01 1.000000e+00
5.180630e-07 5.115238e+07 6.657428e-03 3.000000e+01 3.217980e-01 1.000000e+00
5.595081e-07 5.395586e+07 7.022297e-03 3.000000e+01 3.311349e-01 1.000000e+00
6.042687e-07 5.706221e+07 7.426585e-03 3.000000e+01 3.406585e-01 1.000000e+00
6.526102e-07 6.058816e+07 7.885484e-03 3.000000e+01 3.502533e-01 1.000000e+00
7.048190e-07 6.461174e+07 8.409148e-03 3.000000e+01 3.597688e-01 1.000000e+00
7.612045e-07 6.909817e+07 8.993053e-03 3.000000e+01 3.690843e-01 1.000000e+00
8.221009e-07 7.395811e+07 9.625569e-03 3.000000e+01 3.781437e-01 1.000000e+00
8.878690e-07 7.903509e+07 1.028633e-02 3.000000e+01 3.869631e-01 1.000000e+00
9.588985e-07 8.408376e+07 1.094341e-02 3.000000e+01 3.956409e-01 1.000000e+00
1.035610e-06 8.889832e+07 1.157002e-02 3.000000e+01 4.043547e-01 1.000000e+00
1.118459e-06 9.343004e+07 1.215982e-02 3.000000e+01 4.132974e-01 1.000000e+00
1.207936e-06 9.765949e+07 1.271028e-02 3.000000e+01 4.226528e-01 1.000000e+00
1.304571e-06 1.015959e+08 1.322260e-02 3.000000e+01 4.325983e-01 1.000000e+00
1.408936e-06 1.052943e+08 1.370394e-02 3.000000e+01 4.432999e-01 1.000000e+00
1.521651e-06 1.089181e+08 1.417557e-02 3.000000e+01 4.548882e-01 1.000000e+00
1.643384e-06 1.127898e+08 1.467947e-02 3.000000e+01 4.673973e-01 1.000000e+00
1.774854e-06 1.174158e+08 1.528154e-02 3.000000e+01 4.806823e-01 1.000000e+00
1.916843e-06 1.235077e+08 1.607439e-02 3.000000e+01 4.943291e-01 1.000000e+00
2.070190e-06 1.313100e+08 1.708985e-02 3.000000e+01 5.077249e-01 1.000000e+00
2.235805e-06 1.403953e+08 1.827230e-02 3.000000e+01 5.204295e-01 1.000000e+00
2.414670e-06 1.499876e+08 1.952072e-02 3.000000e+01 5.323305e-01 1.000000e+00
2.607843e-06 1.592425e+08 2.072523e-02 3.000000e+01 5.436388e-01 1.000000e+00
2.816471e-06 1.681848e+08 2.188907e-02 3.000000e+01 5.546525e-01 1.000000e+00
3.041788e-06 1.771775e+08 2.305946e-02 3.000000e+01 5.655544e-01 1.000000e+00
3.285131e-06 1.867837e+08 2.430969e-02 3.000000e+01 5.763774e-01 1.000000e+00
3.547942e-06 1.973124e+08 2.568000e-02 3.000000e+01 5.870247e-01 1.000000e+00
3.831777e-06 2.087756e+08 2.717192e-02 3.000000e+01 5.973851e-01 1.000000e+00
4.138319e-06 2.211393e+08 2.878105e-02 3.000000e+01 6.073722e-01 1.000000e+00
4.469385e-06 2.342475e+08 3.048705e-02 3.000000e+01 6.169385e-01 1.000000e+00
4.826936e-06 2.477699e+08 3.224699e-02 3.000000e+01 6.260976e-01 1.000000e+00
5.213090e-06 2.612344e+08 3.399938e-02 3.000000e+01 6.349406e-01 1.000000e+00
5.630138e-06 2.746391e+08 3.574398e-02 3.000000e+01 6.436082e-01 1.000000e+00
6.080549e-06 2.886311e+08 3.756503e-02 3.000000e+01 6.521792e-01 1.000000e+00
6.566993e-06 3.040961e+08 3.957778e-02 3.000000e+01 6.606099e-01 1.000000e+00
7.092352e-06 3.213013e+08 4.181701e-02 3.000000e+01 6.687695e-01 1.000000e+00
7.659740e-06 3.401390e+08 4.426872e-02 3.000000e+01 6.765407e-01 1.000000e+00
8.272519e-06 3.605294e+08 4.692252e-02 3.000000e+01 6.838471e-01 1.000000e+00
8.934321e-06 3.825898e+08 4.979366e-02 3.000000e+01 6.906356e-01 1.000000e+00
9.649067e-06 4.062163e+08 5.286862e-02 2.980000e+01 6.950580e-01 1.000000e+00
1.042099e-05 4.295540e+08 5.590599e-02 2.952000e+01 6.984273e-01 1.000000e+00
1.125467e-05 4.494244e+08 5.849211e-02 2.922000e+01 7.015850e-01 1.000000e+00
1.215504e-05 4.672319e+08 6.080974e-02 2.892000e+01 7.051456e-01 1.000000e+00
1.312745e-05 4.911271e+08 6.391966e-02 2.860000e+01 7.090041e-01 1.000000e+00
1.417764e-05 5.256174e+08 6.840854e-02 2.830000e+01 7.129001e-01 1.000000e+00
1.531186e-05 5.640051e+08 7.340465e-02 2.801000e+01 7.162099e-01 1.000000e+00
1.653680e-05 5.993975e+08 7.801095e-02 2.772000e+01 7.189074e-01 1.000000e+00
1.785975e-05 6.293054e+08 8.190342e-02 2.744000e+01 7.214323e-01 1.000000e+00
1.928853e-05 6.534453e+08 8.504520e-02 2.714000e+01 7.240189e-01 1.000000e+00
2.083161e-05 6.764300e+08 8.803663e-02 2.682000e+01 7.270806e-01 1.000000e+00
2.249814e-05 7.046947e+08 9.171526e-02 2.649000e+01 7.308106e-01 1.000000e+00
2.429799e-05 7.449854e+08 9.695904e-02 2.616000e+01 7.349554e-01 1.000000e+00
2.624183e-05 7.932445e+08 1.032399e-01 2.584000e+01 7.390090e-01 1.000000e+00
2.834118e-05 8.367482e+08 1.089019e-01 2.553000e+01 7.428821e-01 1.000000e+00
3.060847e-05 8.741968e+08 1.137758e-01 2.522000e+01 7.468560e-01 1.000000e+00
3.305715e-05 9.081885e+08 1.181998e-01 2.490000e+01 7.512189e-01 1.000000e+00
3.570172e-05 9.413313e+08 1.225133e-01 2.457000e+01 7.562399e-01 1.000000e+00
3.855786e-05 9.756906e+08 1.269851e-01 2.424000e+01 7.621411e-01 1.000000e+00
4.164249e-05 1.020957e+09 1.328765e-01 2.390000e+01 7.687993e-01 1.000000e+00
4.497389e-05 1.089450e+09 1.417907e-01 2.357000e+01 7.755502e-01 1.000000e+00
4.857180e-05 1.147839e+09 1.493900e-01 2.327000e+01 7.820359e-01 1.000000e+00
5.245754e-05 1.182869e+09 1.539491e-01 2.295000e+01 7.888296e-01 1.000000e+00
5.665414e-05 1.211321e+09 1.576521e-01 2.262000e+01 7.968869e-01 1.000000e+00
6.118647e-05 1.258215e+09 1.637553e-01 2.229000e+01 8.063400e-01 1.000000e+00
6.608139e-05 1.332516e+09 1.734255e-01 2.196000e+01 8.161496e-01 1.000000e+00
7.136790e-05 1.389935e+09 1.808985e-01 2.166000e+01 8.260575e-01 1.000000e+00
7.707734e-05 1.418503e+09 1.846166e-01 2.134000e+01 8.370467e-01 1.000000e+00
8.324352e-05 1.477614e+09 1.923098e-01 2.102000e+01 8.495591e-01 1.000000e+00
8.990301e-05 1.545042e+09 2.010855e-01 2.071000e+01 8.625206e-01 1.000000e+00
9.709525e-05 1.594761e+09 2.075565e-01 2.041000e+01 8.763275e-01 1.000000e+00
1.048629e-04 1.647278e+09 2.143914e-01 2.011000e+01 8.913673e-01 1.000000e+00
1.132519e-04 1.701706e+09 2.214752e-01 1.981000e+01 9.077499e-01 1.000000e+00
1.223120e-04 1.765672e+09 2.298003e-01 1.952000e+01 9.251462e-01 1.000000e+00
1.320970e-04 1.820103e+09 2.368845e-01 1.924000e+01 9.437460e-01 1.000000e+00
1.426648e-04 1.886115e+09 2.454759e-01 1.896000e+01 9.635376e-01 1.000000e+00
1.540780e-04 1.947249e+09 2.534323e-01 1.869000e+01 9.843835e-01 1.000000e+00
1.664042e-04 2.008158e+09 2.613595e-01 1.843000e+01 1.006612e+00 1.000000e+00
1.797165e-04 2.063353e+09 2.685432e-01 1.818000e+01 1.030257e+00 1.000000e+00
1.940938e-04 2.140133e+09 2.785360e-01 1.793000e+01 1.055139e+00 1.000000e+00
2.096214e-04 2.197979e+09 2.860646e-01 1.769000e+01 1.081239e+00 1.000000e+00
2.263911e-04 2.266079e+09 2.949277e-01 1.747000e+01 1.108715e+00 1.000000e+00
2.445023e-04 2.332793e+09 3.036105e-01 1.724000e+01 1.137518e+00 1.000000e+00
2.640625e-04 2.399158e+09 3.122479e-01 1.703000e+01 1.167649e+00 1.000000e+00
2.851875e-04 2.473225e+09 3.218876e-01 1.683000e+01 1.199097e+00 1.000000e+00
3.080025e-04 2.541070e+09 3.307176e-01 1.663000e+01 1.231648e+00 1.000000e+00
3.326427e-04 2.613124e+09 3.400953e-01 1.644000e+01 1.265514e+00 1.000000e+00
3.592542e-04 2.694229e+09 3.506511e-01 1.626000e+01 1.300307e+00 1.000000e+00
3.879945e-04 2.772588e+09 3.608493e-01 1.609000e+01 1.336068e+00 1.000000e+00
4.190341e-04 2.851370e+09 3.711027e-01 1.592000e+01 1.372709e+00 1.000000e+00
4.525568e-04 2.935939e+09 3.821094e-01 1.576000e+01 1.410083e+00 1.000000e+00
4.887613e-04 3.020047e+09 3.930559e-01 1.561000e+01 1.448123e+00 1.000000e+00
5.278622e-04 3.114797e+09 4.053875e-01 1.546000e+01 1.486397e+00 1.000000e+00
5.700912e-04 3.214618e+09 4.183791e-01 1.532000e+01 1.524910e+00 1.000000e+00
6.156985e-04 3.315606e+09 4.315226e-01 1.518000e+01 1.563436e+00 1.000000e+00
6.649544e-04 3.424419e+09 4.456844e-01 1.505000e+01 1.601777e+00 1.000000e+00
7.181507e-04 3.540333e+09 4.607705e-01 1.492000e+01 1.639660e+00 1.000000e+00
7.756028e-04 3.661431e+09 4.765314e-01 1.479000e+01 1.676920e+00 1.000000e+00
8.376510e-04 3.793225e+09 4.936842e-01 1.467000e+01 1.713331e+00 1.000000e+00
9.046631e-04 3.932966e+09 5.118714e-01 1.455000e+01 1.748693e+00 1.000000e+00
9.770361e-04 4.082054e+09 5.312750e-01 1.443000e+01 1.782775e+00 1.000000e+00
1.055199e-03 4.244914e+09 5.524710e-01 1.431000e+01 1.815426e+00 1.000000e+00
1.139615e-03 4.415784e+09 5.747095e-01 1.420000e+01 1.846523e+00 1.000000e+00
1.230784e-03 4.596117e+09 5.981796e-01 1.408000e+01 1.875686e+00 1.000000e+00
1.329247e-03 4.795641e+09 6.241475e-01 1.397000e+01 1.903006e+00 1.000000e+00
1.435587e-03 5.009309e+09 6.519562e-01 1.385000e+01 1.928279e+00 1.000000e+00
1.550434e-03 5.236673e+09 6.815474e-01 1.374000e+01 1.951443e+00 1.000000e+00
1.674468e-03 5.483821e+09 7.137134e-01 1.363000e+01 1.972389e+00 1.000000e+00
1.808426e-03 5.751135e+09 7.485040e-01 1.351000e+01 1.991045e+00 1.000000e+00
1.953100e-03 6.039243e+09 7.860010e-01 1.340000e+01 2.007419e+00 1.000000e+00
2.109348e-03 6.347138e+09 8.260732e-01 1.328000e+01 2.021468e+00 1.000000e+00
2.278096e-03 6.682595e+09 8.697326e-01 1.317000e+01 2.033210e+00 1.000000e+00
2.460343e-03 7.046477e+09 9.170914e-01 1.305000e+01 2.042638e+00 1.000000e+00
2.657171e-03 7.437567e+09 9.679913e-01 1.293000e+01 2.049809e+00 1.000000e+00
2.869744e-03 7.858506e+09 1.022776e+00 1.282000e+01 2.054787e+00 1.000000e+00
3.099324e-03 8.316798e+09 1.082422e+00 1.270000e+01 2.057608e+00 1.000000e+00
3.347270e-03 8.809815e+09 1.146588e+00 1.259000e+01 2.058370e+00 1.000000e+00
3.615051e-03 9.343008e+09 1.215982e+00 1.247000e+01 2.057128e+00 0.000000e+00
3.904255e-03 9.918311e+09 1.290858e+00 1.235000e+01 2.053991e+00 0.000000e+00
4.216596e-03 1.054754e+10 1.372750e+00 1.224000e+01 2.049074e+00 0.000000e+00
4.553924e-03 1.122198e+10 1.460529e+00 1.213000e+01 2.042461e+00 0.000000e+00
4.918237e-03 1.195391e+10 1.555789e+00 1.201000e+01 2.034247e+00 0.000000e+00
5.311696e-03 1.275101e+10 1.659530e+00 1.190000e+01 2.024572e+00 0.000000e+00
5.736632e-03 1.361044e+10 1.771385e+00 1.179000e+01 2.013532e+00 0.000000e+00
6.195563e-03 1.453969e+10 1.892325e+00 1.168000e+01 2.001238e+00 0.000000e+00
6.691208e-03 1.554518e+10 2.023188e+00 1.158000e+01 1.987819e+00 0.000000e+00
7.226504e-03 1.663842e+10 2.165473e+00 1.147000e+01 1.973355e+00 0.000000e+00
7.804625e-03 1.782128e+10 2.319420e+00 1.137000e+01 1.957984e+00 0.000000e+00
8.428995e-03 1.910025e+10 2.485877e+00 1.127000e+01 1.941799e+00 0.000000e+00
9.103314e-03 2.049149e+10 2.666945e+00 1.117000e+01 1.924904e+00 0.000000e+00
9.831580e-03 2.199511e+10 2.862640e+00 1.108000e+01 1.907412e+00 0.000000e+00
1.061811e-02 2.362511e+10 3.074782e+00 1.098000e+01 1.889397e+00 0.000000e+00
1.146755e-02 2.539169e+10 3.304701e+00 1.089000e+01 1.870976e+00 0.000000e+00
1.238496e-02 2.730508e+10 3.553727e+00 1.081000e+01 1.852239e+00 0.000000e+00
1.337576e-02 2.937893e+10 3.823636e+00 1.073000e+01 1.833259e+00 0.000000e+00
1.444582e-02 3.162578e+10 4.116061e+00 1.065000e+01 1.814120e+00 0.000000e+00
1.560148e-02 3.405960e+10 4.432820e+00 1.057000e+01 1.794898e+00 0.000000e+00
1.684960e-02 3.669625e+10 4.775977e+00 1.050000e+01 1.775679e+00 0.000000e+00
1.819757e-02 3.955348e+10 5.147842e+00 1.043000e+01 1.756521e+00 0.000000e+00
1.965337e-02 4.264825e+10 5.550624e+00 1.037000e+01 1.737501e+00 0.000000e+00
2.122564e-02 4.600076e+10 5.986949e+00 1.031000e+01 1.718670e+00 0.000000e+00
2.292369e-02 4.963248e+10 6.459613e+00 1.025000e+01 1.700087e+00 0.000000e+00
2.475759e-02 5.356542e+10 6.971481e+00 1.020000e+01 1.681816e+00 0.000000e+00
2.673820e-02 5.782470e+10 7.525822e+00 1.015000e+01 1.663898e+00 0.000000e+00
2.887725e-02 6.243787e+10 8.126222e+00 1.010000e+01 1.646381e+00 0.000000e+00
3.118743e-02 6.743357e+10 8.776407e+00 1.006000e+01 1.629320e+00 0.000000e+00
3.368243e-02 7.284262e+10 9.480388e+00 1.003000e+01 1.612757e+00 0.000000e+00
3.637702e-02 7.885586e+10 1.026301e+01 1.000000e+01 1.596724e+00 0.000000e+00
3.928718e-02 8.594369e+10 1.118548e+01 9.970000e+00 1.581456e+00 0.000000e+00
