# pipeline=simple
# diagnostic=speed_of_sound_squared
# definition=c_s^2=(dP/dmu_q)/(depsilon/dmu_q) on the P>=0 branch
# units=mu_q in MeV; c_s^2 dimensionless
# m_sigma_1_mev=500.000000
# m_sigma_2_mev=600.000000
# m_sigma_3_mev=700.000000
# columns=mu_q_mev_sigma_500 c_s2_sigma_500 mu_q_mev_sigma_600 c_s2_sigma_600 mu_q_mev_sigma_700 c_s2_sigma_700
2.882e+02 3.836e-03 2.995e+02 9.780e-04 1.817e+02 9.886e-04
2.957e+02 8.262e-02 3.008e+02 2.552e-03 3.008e+02 3.055e-03
2.970e+02 1.745e-01 3.020e+02 4.383e-03 3.020e+02 4.551e-03
2.982e+02 1.874e-01 3.033e+02 6.544e-03 3.033e+02 6.939e-03
2.995e+02 1.990e-01 3.045e+02 8.608e-03 3.045e+02 9.318e-03
3.008e+02 2.094e-01 3.058e+02 1.053e-02 3.058e+02 1.164e-02
3.020e+02 2.188e-01 3.070e+02 1.230e-02 3.070e+02 1.391e-02
3.033e+02 2.274e-01 3.083e+02 1.390e-02 3.083e+02 1.611e-02
3.045e+02 2.351e-01 3.095e+02 1.532e-02 3.095e+02 1.825e-02
3.058e+02 2.421e-01 3.108e+02 1.654e-02 3.108e+02 2.033e-02
3.070e+02 2.485e-01 3.120e+02 1.756e-02 3.120e+02 2.235e-02
3.083e+02 2.543e-01 3.133e+02 1.833e-02 3.133e+02 2.432e-02
3.095e+02 2.597e-01 3.145e+02 1.884e-02 3.145e+02 2.622e-02
3.108e+02 2.646e-01 3.158e+02 1.904e-02 3.158e+02 2.807e-02
3.120e+02 2.691e-01 3.170e+02 1.885e-02 3.170e+02 2.986e-02
3.133e+02 2.732e-01 3.183e+02 1.818e-02 3.183e+02 3.160e-02
3.145e+02 2.770e-01 3.195e+02 1.684e-02 3.195e+02 3.328e-02
3.158e+02 2.805e-01 3.208e+02 1.442e-02 3.208e+02 3.491e-02
3.170e+02 2.837e-01 3.221e+02 9.463e-03 3.221e+02 3.649e-02
3.183e+02 2.867e-01 3.233e+02 7.918e-03 3.233e+02 3.802e-02
3.195e+02 2.894e-01 3.246e+02 1.357e-02 3.246e+02 3.950e-02
3.208e+02 2.920e-01 3.258e+02 3.911e-02 3.258e+02 4.092e-02
3.221e+02 2.944e-01 3.271e+02 6.252e-02 3.271e+02 4.230e-02
3.233e+02 2.965e-01 3.283e+02 8.387e-02 3.283e+02 4.362e-02
3.246e+02 2.986e-01 3.296e+02 1.037e-01 3.296e+02 4.490e-02
3.258e+02 3.005e-01 3.308e+02 1.220e-01 3.308e+02 4.613e-02
3.271e+02 3.023e-01 3.321e+02 1.390e-01 3.321e+02 4.731e-02
3.283e+02 3.039e-01 3.333e+02 1.546e-01 3.333e+02 4.845e-02
3.296e+02 3.055e-01 3.346e+02 1.690e-01 3.346e+02 4.954e-02
3.308e+02 3.069e-01 3.358e+02 1.822e-01 3.358e+02 5.058e-02
3.321e+02 3.082e-01 3.371e+02 1.942e-01 3.371e+02 5.157e-02
3.333e+02 3.095e-01 3.383e+02 2.052e-01 3.383e+02 5.252e-02
3.346e+02 3.107e-01 3.396e+02 2.152e-01 3.396e+02 5.343e-02
3.358e+02 3.118e-01 3.409e+02 2.244e-01 3.409e+02 5.429e-02
3.371e+02 3.128e-01 3.421e+02 2.327e-01 3.421e+02 5.511e-02
3.383e+02 3.138e-01 3.434e+02 2.403e-01 3.434e+02 5.589e-02
3.396e+02 3.147e-01 3.446e+02 2.473e-01 3.446e+02 5.662e-02
3.409e+02 3.156e-01 3.459e+02 2.536e-01 3.459e+02 5.732e-02
3.421e+02 3.164e-01 3.471e+02 2.594e-01 3.471e+02 5.798e-02
3.434e+02 3.172e-01 3.484e+02 2.647e-01 3.484e+02 5.861e-02
3.446e+02 3.179e-01 3.496e+02 2.695e-01 3.496e+02 5.921e-02
3.459e+02 3.186e-01 3.509e+02 2.739e-01 3.509e+02 5.977e-02
3.471e+02 3.193e-01 3.521e+02 2.780e-01 3.521e+02 6.031e-02
3.484e+02 3.199e-01 3.534e+02 2.817e-01 3.534e+02 6.083e-02
3.496e+02 3.204e-01 3.546e+02 2.851e-01 3.546e+02 6.134e-02
3.509e+02 3.210e-01 3.559e+02 2.882e-01 3.559e+02 6.185e-02
3.521e+02 3.215e-01 3.571e+02 2.911e-01 3.571e+02 6.235e-02
3.534e+02 3.220e-01 3.584e+02 2.938e-01 3.584e+02 6.288e-02
3.546e+02 3.225e-01 3.596e+02 2.962e-01 3.596e+02 6.343e-02
3.559e+02 3.229e-01 3.609e+02 2.985e-01 3.609e+02 6.404e-02
3.571e+02 3.233e-01 3.622e+02 3.006e-01 3.622e+02 6.472e-02
3.584e+02 3.237e-01 3.634e+02 3.025e-01 3.634e+02 6.551e-02
3.596e+02 3.241e-01 3.647e+02 3.043e-01 3.647e+02 6.643e-02
3.609e+02 3.245e-01 3.659e+02 3.060e-01 3.659e+02 6.754e-02
3.622e+02 3.248e-01 3.672e+02 3.075e-01 3.672e+02 6.888e-02
3.634e+02 3.251e-01 3.684e+02 3.090e-01 3.684e+02 7.051e-02
3.647e+02 3.254e-01 3.697e+02 3.103e-01 3.697e+02 7.252e-02
3.659e+02 3.257e-01 3.709e+02 3.116e-01 3.709e+02 7.498e-02
3.672e+02 3.260e-01 3.722e+02 3.127e-01 3.722e+02 7.798e-02
3.684e+02 3.263e-01 3.734e+02 3.138e-01 3.734e+02 8.161e-02
3.697e+02 3.266e-01 3.747e+02 3.148e-01 3.747e+02 8.595e-02
3.709e+02 3.268e-01 3.759e+02 3.158e-01 3.759e+02 9.109e-02
3.722e+02 3.270e-01 3.772e+02 3.167e-01 3.772e+02 9.706e-02
3.734e+02 3.273e-01 3.784e+02 3.175e-01 3.784e+02 1.039e-01
3.747e+02 3.275e-01 3.797e+02 3.183e-01 3.797e+02 1.116e-01
3.759e+02 3.277e-01 3.810e+02 3.190e-01 3.810e+02 1.200e-01
3.772e+02 3.279e-01 3.822e+02 3.197e-01 3.822e+02 1.291e-01
3.784e+02 3.281e-01 3.835e+02 3.203e-01 3.835e+02 1.388e-01
3.797e+02 3.282e-01 3.847e+02 3.209e-01 3.847e+02 1.488e-01
3.810e+02 3.284e-01 3.860e+02 3.215e-01 3.860e+02 1.591e-01
3.822e+02 3.286e-01 3.872e+02 3.220e-01 3.872e+02 1.694e-01
3.835e+02 3.287e-01 3.885e+02 3.226e-01 3.885e+02 1.797e-01
3.847e+02 3.289e-01 3.897e+02 3.230e-01 3.897e+02 1.897e-01
3.860e+02 3.290e-01 3.910e+02 3.235e-01 3.910e+02 1.995e-01
3.872e+02 3.292e-01 3.922e+02 3.239e-01 3.922e+02 2.088e-01
3.885e+02 3.293e-01 3.935e+02 3.243e-01 3.935e+02 2.177e-01
3.897e+02 3.294e-01 3.947e+02 3.247e-01 3.947e+02 2.261e-01
3.910e+02 3.296e-01 3.960e+02 3.251e-01 3.960e+02 2.339e-01
3.922e+02 3.297e-01 3.972e+02 3.254e-01 3.972e+02 2.413e-01
3.935e+02 3.298e-01 3.985e+02 3.257e-01 3.985e+02 2.481e-01
3.947e+02 3.299e-01 3.997e+02 3.260e-01 3.997e+02 2.544e-01
3.960e+02 3.300e-01 4.010e+02 3.263e-01 4.010e+02 2.603e-01
3.972e+02 3.301e-01 4.023e+02 3.266e-01 4.023e+02 2.657e-01
3.985e+02 3.302e-01 4.035e+02 3.269e-01 4.035e+02 2.707e-01
3.997e+02 3.303e-01 4.048e+02 3.271e-01 4.048e+02 2.752e-01
4.010e+02 3.304e-01 4.060e+02 3.274e-01 4.060e+02 2.794e-01
4.023e+02 3.305e-01 4.073e+02 3.276e-01 4.073e+02 2.833e-01
4.035e+02 3.306e-01 4.085e+02 3.278e-01 4.085e+02 2.868e-01
4.048e+02 3.306e-01 4.098e+02 3.280e-01 4.098e+02 2.901e-01
4.060e+02 3.307e-01 4.110e+02 3.282e-01 4.110e+02 2.931e-01
4.073e+02 3.308e-01 4.123e+02 3.284e-01 4.123e+02 2.958e-01
4.085e+02 3.309e-01 4.135e+02 3.286e-01 4.135e+02 2.983e-01
4.098e+02 3.309e-01 4.148e+02 3.288e-01 4.148e+02 3.006e-01
4.110e+02 3.310e-01 4.160e+02 3.289e-01 4.160e+02 3.028e-01
4.123e+02 3.311e-01 4.173e+02 3.291e-01 4.173e+02 3.048e-01
4.135e+02 3.311e-01 4.185e+02 3.292e-01 4.185e+02 3.066e-01
4.148e+02 3.312e-01 4.198e+02 3.294e-01 4.198e+02 3.082e-01
4.160e+02 3.313e-01 4.211e+02 3.295e-01 4.211e+02 3.098e-01
4.173e+02 3.313e-01 4.223e+02 3.296e-01 4.223e+02 3.112e-01
4.185e+02 3.314e-01 4.236e+02 3.298e-01 4.236e+02 3.125e-01
4.198e+02 3.314e-01 4.248e+02 3.299e-01 4.248e+02 3.138e-01
4.211e+02 3.315e-01 4.261e+02 3.300e-01 4.261e+02 3.149e-01
4.223e+02 3.315e-01 4.273e+02 3.301e-01 4.273e+02 3.160e-01
4.236e+02 3.316e-01 4.286e+02 3.302e-01 4.286e+02 3.170e-01
4.248e+02 3.316e-01 4.298e+02 3.303e-01 4.298e+02 3.179e-01
4.261e+02 3.317e-01 4.311e+02 3.304e-01 4.311e+02 3.187e-01
4.273e+02 3.317e-01 4.323e+02 3.305e-01 4.323e+02 3.195e-01
4.286e+02 3.317e-01 4.336e+02 3.306e-01 4.336e+02 3.202e-01
4.298e+02 3.318e-01 4.348e+02 3.307e-01 4.348e+02 3.209e-01
4.311e+02 3.318e-01 4.361e+02 3.308e-01 4.361e+02 3.216e-01
4.323e+02 3.319e-01 4.373e+02 3.308e-01 4.373e+02 3.222e-01
4.336e+02 3.319e-01 4.386e+02 3.309e-01 4.386e+02 3.227e-01
4.348e+02 3.319e-01 4.398e+02 3.310e-01 4.398e+02 3.233e-01
4.361e+02 3.320e-01 4.411e+02 3.311e-01 4.411e+02 3.238e-01
4.373e+02 3.320e-01 4.424e+02 3.311e-01 4.424e+02 3.242e-01
4.386e+02 3.320e-01 4.436e+02 3.312e-01 4.436e+02 3.247e-01
4.398e+02 3.321e-01 4.449e+02 3.313e-01 4.449e+02 3.251e-01
4.411e+02 3.321e-01 4.461e+02 3.313e-01 4.461e+02 3.255e-01
4.424e+02 3.321e-01 4.474e+02 3.314e-01 4.474e+02 3.258e-01
4.436e+02 3.322e-01 4.486e+02 3.314e-01 4.486e+02 3.262e-01
4.449e+02 3.322e-01 4.499e+02 3.315e-01 4.499e+02 3.265e-01
4.461e+02 3.322e-01 4.511e+02 3.315e-01 4.511e+02 3.268e-01
4.474e+02 3.322e-01 4.524e+02 3.316e-01 4.524e+02 3.271e-01
4.486e+02 3.323e-01 4.536e+02 3.316e-01 4.536e+02 3.274e-01
4.499e+02 3.323e-01 4.549e+02 3.317e-01 4.549e+02 3.276e-01
4.511e+02 3.323e-01 4.561e+02 3.317e-01 4.561e+02 3.279e-01
4.524e+02 3.323e-01 4.574e+02 3.318e-01 4.574e+02 3.281e-01
4.536e+02 3.324e-01 4.586e+02 3.318e-01 4.586e+02 3.283e-01
4.549e+02 3.324e-01 4.599e+02 3.319e-01 4.599e+02 3.285e-01
4.561e+02 3.324e-01 4.612e+02 3.319e-01 4.612e+02 3.287e-01
4.574e+02 3.324e-01 4.624e+02 3.319e-01 4.624e+02 3.289e-01
4.586e+02 3.325e-01 4.637e+02 3.320e-01 4.637e+02 3.291e-01
4.599e+02 3.325e-01 4.649e+02 3.320e-01 4.649e+02 3.292e-01
4.612e+02 3.325e-01 4.662e+02 3.321e-01 4.662e+02 3.294e-01
4.624e+02 3.325e-01 4.674e+02 3.321e-01 4.674e+02 3.295e-01
4.637e+02 3.325e-01 4.687e+02 3.321e-01 4.687e+02 3.297e-01
4.649e+02 3.325e-01 4.699e+02 3.321e-01 4.699e+02 3.298e-01
4.662e+02 3.326e-01 4.712e+02 3.322e-01 4.712e+02 3.300e-01
4.674e+02 3.326e-01 4.724e+02 3.322e-01 4.724e+02 3.301e-01
4.687e+02 3.326e-01 4.737e+02 3.322e-01 4.737e+02 3.302e-01
4.699e+02 3.326e-01 4.749e+02 3.323e-01 4.749e+02 3.303e-01
4.712e+02 3.326e-01 4.762e+02 3.323e-01 4.762e+02 3.304e-01
4.724e+02 3.326e-01 4.774e+02 3.323e-01 4.774e+02 3.305e-01
4.737e+02 3.327e-01 4.787e+02 3.323e-01 4.787e+02 3.306e-01
4.749e+02 3.327e-01 4.799e+02 3.324e-01 4.799e+02 3.307e-01
4.762e+02 3.327e-01 4.812e+02 3.324e-01 4.812e+02 3.308e-01
4.774e+02 3.327e-01 4.825e+02 3.324e-01 4.825e+02 3.309e-01
4.787e+02 3.327e-01 4.837e+02 3.324e-01 4.837e+02 3.310e-01
4.799e+02 3.327e-01 4.850e+02 3.325e-01 4.850e+02 3.311e-01
4.812e+02 3.327e-01 4.862e+02 3.325e-01 4.862e+02 3.311e-01
4.825e+02 3.328e-01 4.875e+02 3.325e-01 4.875e+02 3.312e-01
4.837e+02 3.328e-01 4.887e+02 3.325e-01 4.887e+02 3.313e-01
4.850e+02 3.328e-01 4.900e+02 3.325e-01 4.900e+02 3.313e-01
4.862e+02 3.328e-01 4.912e+02 3.326e-01 4.912e+02 3.314e-01
4.875e+02 3.328e-01 4.925e+02 3.326e-01 4.925e+02 3.315e-01
4.887e+02 3.328e-01 4.937e+02 3.326e-01 4.937e+02 3.315e-01
4.900e+02 3.328e-01 4.950e+02 3.326e-01 4.950e+02 3.316e-01
4.912e+02 3.328e-01 4.962e+02 3.326e-01 4.962e+02 3.316e-01
4.925e+02 3.328e-01 4.975e+02 3.326e-01 4.975e+02 3.317e-01
4.937e+02 3.329e-01 4.987e+02 3.327e-01 4.987e+02 3.317e-01
4.950e+02 3.329e-01 5.000e+02 3.327e-01 5.000e+02 3.318e-01
4.962e+02 3.329e-01 nan nan nan nan
4.975e+02 3.329e-01 nan nan nan nan
4.987e+02 3.329e-01 nan nan nan nan
5.000e+02 3.329e-01 nan nan nan nan
