# source=baseline
# integrator=rk4  rstep_km=0.01
# columns=Pc_dimless epsilon_c_mev4 epsilon_c_gev_fm3 radius_km mass_msun stable_flag
1.285845e-11 9.291976e+05 1.209341e-04 5.670000e+00 8.265025e-05 1.000000e+00
1.388713e-11 9.293552e+05 1.209546e-04 5.890000e+00 9.265541e-05 1.000000e+00
1.499810e-11 9.295253e+05 1.209767e-04 6.130000e+00 1.044567e-04 1.000000e+00
1.619794e-11 9.297090e+05 1.210006e-04 6.360000e+00 1.166709e-04 1.000000e+00
1.749378e-11 9.299073e+05 1.210264e-04 6.610000e+00 1.309882e-04 1.000000e+00
1.889328e-11 9.301214e+05 1.210543e-04 6.870000e+00 1.470746e-04 1.000000e+00
2.040474e-11 9.303524e+05 1.210844e-04 7.140000e+00 1.651220e-04 1.000000e+00
2.203712e-11 9.306018e+05 1.211168e-04 7.420000e+00 1.853397e-04 1.000000e+00
2.380009e-11 9.308709e+05 1.211519e-04 7.710000e+00 2.079553e-04 1.000000e+00
2.570410e-11 9.311614e+05 1.211897e-04 8.010000e+00 2.332163e-04 1.000000e+00
2.776043e-11 9.314749e+05 1.212305e-04 8.320000e+00 2.613910e-04 1.000000e+00
2.998126e-11 9.318132e+05 1.212745e-04 8.650000e+00 2.937857e-04 1.000000e+00
3.237976e-11 9.321782e+05 1.213220e-04 8.980000e+00 3.287621e-04 1.000000e+00
3.497015e-11 9.325721e+05 1.213733e-04 9.330000e+00 3.687833e-04 1.000000e+00
3.776776e-11 9.329971e+05 1.214286e-04 9.690000e+00 4.132171e-04 1.000000e+00
4.078918e-11 9.334555e+05 1.214882e-04 1.007000e+01 4.638528e-04 1.000000e+00
4.405231e-11 9.339500e+05 1.215526e-04 1.046000e+01 5.199719e-04 1.000000e+00
4.757650e-11 9.344834e+05 1.216220e-04 1.087000e+01 5.836762e-04 1.000000e+00
5.138262e-11 9.350587e+05 1.216969e-04 1.129000e+01 6.541443e-04 1.000000e+00
5.549323e-11 9.356790e+05 1.217776e-04 1.173000e+01 7.338395e-04 1.000000e+00
5.993268e-11 9.363479e+05 1.218647e-04 1.218000e+01 8.218187e-04 1.000000e+00
6.472730e-11 9.370690e+05 1.219585e-04 1.266000e+01 9.231381e-04 1.000000e+00
6.990548e-11 9.378464e+05 1.220597e-04 1.315000e+01 1.034875e-03 1.000000e+00
7.549792e-11 9.386842e+05 1.221687e-04 1.365000e+01 1.157895e-03 1.000000e+00
8.153775e-11 9.395871e+05 1.222863e-04 1.418000e+01 1.298576e-03 1.000000e+00
8.806078e-11 9.405599e+05 1.224129e-04 1.473000e+01 1.456221e-03 1.000000e+00
9.510564e-11 9.416078e+05 1.225492e-04 1.530000e+01 1.632630e-03 1.000000e+00
1.027141e-10 9.427364e+05 1.226961e-04 1.588000e+01 1.826335e-03 1.000000e+00
1.109312e-10 9.439516e+05 1.228543e-04 1.649000e+01 2.046059e-03 1.000000e+00
1.198057e-10 9.452598e+05 1.230246e-04 1.713000e+01 2.294925e-03 1.000000e+00
1.293902e-10 9.466678e+05 1.232078e-04 1.778000e+01 2.567781e-03 1.000000e+00
1.397414e-10 9.481826e+05 1.234049e-04 1.846000e+01 2.875680e-03 1.000000e+00
1.509207e-10 9.498120e+05 1.236170e-04 1.916000e+01 3.217652e-03 1.000000e+00
1.629943e-10 9.515639e+05 1.238450e-04 1.989000e+01 3.602334e-03 1.000000e+00
1.760339e-10 9.534471e+05 1.240901e-04 2.065000e+01 4.034487e-03 1.000000e+00
1.901166e-10 9.554705e+05 1.243535e-04 2.143000e+01 4.513092e-03 1.000000e+00
2.053259e-10 9.576437e+05 1.246363e-04 2.224000e+01 5.049143e-03 1.000000e+00
2.217520e-10 9.599767e+05 1.249399e-04 2.307000e+01 5.641546e-03 1.000000e+00
2.394922e-10 9.624801e+05 1.252658e-04 2.394000e+01 6.310925e-03 1.000000e+00
2.586515e-10 9.651651e+05 1.256152e-04 2.484000e+01 7.057877e-03 1.000000e+00
2.793437e-10 9.680431e+05 1.259898e-04 2.576000e+01 7.881351e-03 1.000000e+00
3.016912e-10 9.711261e+05 1.263910e-04 2.672000e+01 8.807385e-03 1.000000e+00
3.258265e-10 9.744268e+05 1.268206e-04 2.771000e+01 9.837031e-03 1.000000e+00
3.518926e-10 9.779580e+05 1.272802e-04 2.873000e+01 1.098054e-02 1.000000e+00
3.800440e-10 9.817329e+05 1.277715e-04 2.978000e+01 1.224906e-02 1.000000e+00
4.104475e-10 9.857653e+05 1.282963e-04 3.000000e+01 1.257035e-02 1.000000e+00
4.432833e-10 9.900690e+05 1.288564e-04 3.000000e+01 1.262835e-02 1.000000e+00
4.787460e-10 9.946580e+05 1.294537e-04 3.000000e+01 1.269028e-02 1.000000e+00
5.170456e-10 9.995464e+05 1.300899e-04 3.000000e+01 1.275633e-02 1.000000e+00
5.584093e-10 1.004748e+06 1.307669e-04 3.000000e+01 1.282671e-02 1.000000e+00
6.030820e-10 1.010278e+06 1.314866e-04 3.000000e+01 1.290163e-02 1.000000e+00
6.513286e-10 1.016148e+06 1.322506e-04 3.000000e+01 1.298129e-02 1.000000e+00
7.034349e-10 1.022373e+06 1.330607e-04 3.000000e+01 1.306588e-02 1.000000e+00
7.597097e-10 1.028964e+06 1.339185e-04 3.000000e+01 1.315560e-02 1.000000e+00
8.204865e-10 1.035934e+06 1.348257e-04 3.000000e+01 1.325062e-02 1.000000e+00
8.861254e-10 1.043294e+06 1.357836e-04 3.000000e+01 1.335110e-02 1.000000e+00
9.570154e-10 1.051053e+06 1.367935e-04 3.000000e+01 1.345721e-02 1.000000e+00
1.033577e-09 1.059223e+06 1.378567e-04 3.000000e+01 1.356906e-02 1.000000e+00
1.116263e-09 1.067810e+06 1.389743e-04 3.000000e+01 1.368677e-02 1.000000e+00
1.205564e-09 1.076823e+06 1.401473e-04 3.000000e+01 1.381044e-02 1.000000e+00
1.302009e-09 1.086270e+06 1.413768e-04 3.000000e+01 1.394014e-02 1.000000e+00
1.406170e-09 1.096160e+06 1.426641e-04 3.000000e+01 1.407592e-02 1.000000e+00
1.518663e-09 1.106505e+06 1.440104e-04 3.000000e+01 1.421786e-02 1.000000e+00
1.640156e-09 1.117319e+06 1.454179e-04 3.000000e+01 1.436600e-02 1.000000e+00
1.771369e-09 1.128625e+06 1.468894e-04 3.000000e+01 1.452044e-02 1.000000e+00
1.913078e-09 1.140456e+06 1.484291e-04 3.000000e+01 1.468136e-02 1.000000e+00
2.066124e-09 1.152860e+06 1.500434e-04 3.000000e+01 1.484901e-02 1.000000e+00
2.231414e-09 1.165908e+06 1.517417e-04 3.000000e+01 1.502387e-02 1.000000e+00
2.409928e-09 1.179706e+06 1.535375e-04 3.000000e+01 1.520667e-02 1.000000e+00
2.602722e-09 1.194404e+06 1.554504e-04 3.000000e+01 1.539856e-02 1.000000e+00
2.810940e-09 1.210217e+06 1.575084e-04 3.000000e+01 1.560126e-02 1.000000e+00
3.035815e-09 1.227445e+06 1.597506e-04 3.000000e+01 1.581732e-02 1.000000e+00
3.278680e-09 1.246505e+06 1.622313e-04 3.000000e+01 1.605037e-02 1.000000e+00
3.540974e-09 1.267972e+06 1.650252e-04 3.000000e+01 1.630552e-02 1.000000e+00
3.824252e-09 1.292629e+06 1.682342e-04 3.000000e+01 1.658982e-02 1.000000e+00
4.130192e-09 1.321533e+06 1.719961e-04 3.000000e+01 1.691274e-02 1.000000e+00
4.460608e-09 1.356107e+06 1.764959e-04 3.000000e+01 1.728686e-02 1.000000e+00
4.817456e-09 1.398249e+06 1.819807e-04 3.000000e+01 1.772844e-02 1.000000e+00
5.202853e-09 1.450481e+06 1.887785e-04 3.000000e+01 1.825799e-02 1.000000e+00
5.619081e-09 1.516132e+06 1.973230e-04 3.000000e+01 1.890055e-02 1.000000e+00
6.068608e-09 1.599586e+06 2.081844e-04 3.000000e+01 1.968539e-02 1.000000e+00
6.554096e-09 1.706588e+06 2.221105e-04 3.000000e+01 2.064468e-02 1.000000e+00
7.078424e-09 1.844638e+06 2.400776e-04 3.000000e+01 2.181024e-02 1.000000e+00
7.644698e-09 2.023504e+06 2.633569e-04 3.000000e+01 2.320786e-02 1.000000e+00
8.256274e-09 2.255781e+06 2.935875e-04 3.000000e+01 2.484844e-02 1.000000e+00
8.916776e-09 2.553737e+06 3.323661e-04 3.000000e+01 2.671856e-02 1.000000e+00
9.630118e-09 2.926291e+06 3.808537e-04 3.000000e+01 2.877550e-02 1.000000e+00
1.040053e-08 3.382134e+06 4.401811e-04 3.000000e+01 3.094906e-02 1.000000e+00
1.123257e-08 3.929611e+06 5.114347e-04 3.000000e+01 3.315517e-02 1.000000e+00
1.213117e-08 4.576147e+06 5.955806e-04 3.000000e+01 3.531257e-02 1.000000e+00
1.310167e-08 5.327411e+06 6.933568e-04 3.000000e+01 3.735541e-02 1.000000e+00
1.414980e-08 6.186181e+06 8.051248e-04 3.000000e+01 3.923980e-02 1.000000e+00
1.528179e-08 7.150778e+06 9.306661e-04 3.000000e+01 4.094465e-02 1.000000e+00
1.650433e-08 8.212959e+06 1.068908e-03 3.000000e+01 4.246902e-02 1.000000e+00
1.782468e-08 9.355100e+06 1.217556e-03 3.000000e+01 4.382786e-02 1.000000e+00
1.925065e-08 1.054714e+07 1.372699e-03 3.000000e+01 4.504808e-02 1.000000e+00
2.079070e-08 1.176398e+07 1.531070e-03 3.000000e+01 4.616271e-02 1.000000e+00
2.245396e-08 1.299660e+07 1.691493e-03 3.000000e+01 4.720015e-02 1.000000e+00
2.425027e-08 1.423534e+07 1.852714e-03 3.000000e+01 4.818332e-02 1.000000e+00
2.619030e-08 1.546865e+07 2.013228e-03 3.000000e+01 4.913227e-02 1.000000e+00
2.828552e-08 1.668293e+07 2.171266e-03 3.000000e+01 5.006570e-02 1.000000e+00
3.054836e-08 1.786238e+07 2.324770e-03 3.000000e+01 5.100232e-02 1.000000e+00
3.299223e-08 1.898895e+07 2.471392e-03 3.000000e+01 5.196200e-02 1.000000e+00
3.563161e-08 2.004234e+07 2.608490e-03 3.000000e+01 5.296701e-02 1.000000e+00
3.848214e-08 2.100015e+07 2.733147e-03 3.000000e+01 5.404354e-02 1.000000e+00
4.156071e-08 2.183817e+07 2.842215e-03 3.000000e+01 5.522369e-02 1.000000e+00
4.488557e-08 2.253101e+07 2.932387e-03 3.000000e+01 5.654813e-02 1.000000e+00
4.847641e-08 2.305296e+07 3.000319e-03 3.000000e+01 5.806983e-02 1.000000e+00
5.235452e-08 2.337945e+07 3.042811e-03 3.000000e+01 5.985929e-02 1.000000e+00
5.654289e-08 2.348906e+07 3.057077e-03 3.000000e+01 6.201207e-02 1.000000e+00
6.106632e-08 2.336646e+07 3.041119e-03 3.000000e+01 6.465929e-02 1.000000e+00
6.595162e-08 2.300643e+07 2.994262e-03 3.000000e+01 6.798194e-02 1.000000e+00
7.122775e-08 2.241946e+07 2.917869e-03 3.000000e+01 7.222891e-02 1.000000e+00
7.692597e-08 2.163929e+07 2.816331e-03 3.000000e+01 7.773537e-02 1.000000e+00
8.308005e-08 2.073301e+07 2.698379e-03 3.000000e+01 8.492864e-02 1.000000e+00
8.972645e-08 1.981457e+07 2.578846e-03 3.000000e+01 9.428614e-02 1.000000e+00
9.690457e-08 1.905937e+07 2.480557e-03 3.000000e+01 1.061703e-01 1.000000e+00
1.046569e-07 1.861234e+07 2.422376e-03 3.000000e+01 1.205508e-01 1.000000e+00
1.130295e-07 1.852122e+07 2.410517e-03 3.000000e+01 1.369657e-01 1.000000e+00
1.220718e-07 1.882152e+07 2.449600e-03 3.000000e+01 1.545760e-01 1.000000e+00
1.318376e-07 1.953766e+07 2.542805e-03 3.000000e+01 1.722991e-01 1.000000e+00
1.423846e-07 2.067585e+07 2.690940e-03 3.000000e+01 1.890623e-01 1.000000e+00
1.537754e-07 2.221433e+07 2.891172e-03 3.000000e+01 2.040760e-01 1.000000e+00
1.660774e-07 2.409019e+07 3.135312e-03 3.000000e+01 2.169947e-01 1.000000e+00
1.793636e-07 2.618164e+07 3.407512e-03 3.000000e+01 2.279113e-01 1.000000e+00
1.937127e-07 2.829804e+07 3.682960e-03 3.000000e+01 2.372420e-01 1.000000e+00
2.092097e-07 3.032873e+07 3.947252e-03 3.000000e+01 2.455168e-01 1.000000e+00
2.259465e-07 3.225296e+07 4.197688e-03 3.000000e+01 2.531558e-01 1.000000e+00
2.440222e-07 3.405633e+07 4.432394e-03 3.000000e+01 2.604721e-01 1.000000e+00
2.635440e-07 3.573241e+07 4.650535e-03 3.000000e+01 2.677068e-01 1.000000e+00
2.846275e-07 3.728754e+07 4.852933e-03 3.000000e+01 2.750459e-01 1.000000e+00
3.073977e-07 3.874730e+07 5.042920e-03 3.000000e+01 2.826261e-01 1.000000e+00
3.319895e-07 4.016491e+07 5.227420e-03 3.000000e+01 2.905294e-01 1.000000e+00
3.585487e-07 4.159893e+07 5.414056e-03 3.000000e+01 2.987762e-01 1.000000e+00
3.872325e-07 4.308526e+07 5.607500e-03 3.000000e+01 3.073465e-01 1.000000e+00
4.182112e-07 4.467564e+07 5.814487e-03 3.000000e+01 3.161933e-01 1.000000e+00
4.516680e-07 4.644889e+07 6.045274e-03 3.000000e+01 3.252423e-01 1.000000e+00
4.878015e-07 4.852085e+07 6.314936e-03 3.000000e+01 3.343933e-01 1.000000e+00
5.268256e-07 5.105725e+07 6.645047e-03 3.000000e+01 3.435225e-01 1.000000e+00
5.689717e-07 5.422715e+07 7.057606e-03 3.000000e+01 3.524865e-01 1.000000e+00
6.144894e-07 5.804664e+07 7.554707e-03 3.000000e+01 3.611817e-01 1.000000e+00
6.636485e-07 6.245681e+07 8.128687e-03 3.000000e+01 3.695737e-01 1.000000e+00
7.167404e-07 6.732970e+07 8.762889e-03 3.000000e+01 3.776782e-01 1.000000e+00
7.740797e-07 7.244169e+07 9.428209e-03 3.000000e+01 3.855629e-01 1.000000e+00
8.360060e-07 7.755875e+07 1.009419e-02 3.000000e+01 3.933527e-01 1.000000e+00
9.028865e-07 8.255378e+07 1.074429e-02 3.000000e+01 4.011873e-01 1.000000e+00
9.751174e-07 8.727630e+07 1.135892e-02 3.000000e+01 4.092137e-01 1.000000e+00
1.053127e-06 9.152678e+07 1.191211e-02 3.000000e+01 4.176110e-01 1.000000e+00
1.137377e-06 9.504348e+07 1.236981e-02 3.000000e+01 4.266215e-01 1.000000e+00
1.228367e-06 9.768056e+07 1.271302e-02 3.000000e+01 4.365786e-01 1.000000e+00
1.326636e-06 9.984113e+07 1.299422e-02 3.000000e+01 4.477978e-01 1.000000e+00
1.432767e-06 1.023079e+08 1.331526e-02 3.000000e+01 4.603836e-01 1.000000e+00
1.547389e-06 1.063056e+08 1.383556e-02 3.000000e+01 4.739973e-01 1.000000e+00
1.671180e-06 1.132731e+08 1.474237e-02 3.000000e+01 4.876389e-01 1.000000e+00
1.804874e-06 1.230921e+08 1.602031e-02 3.000000e+01 5.001577e-01 1.000000e+00
1.949264e-06 1.346131e+08 1.751975e-02 3.000000e+01 5.110432e-01 1.000000e+00
2.105205e-06 1.459732e+08 1.899826e-02 3.000000e+01 5.204600e-01 1.000000e+00
2.273622e-06 1.559575e+08 2.029770e-02 3.000000e+01 5.289648e-01 1.000000e+00
2.455512e-06 1.646801e+08 2.143293e-02 3.000000e+01 5.370238e-01 1.000000e+00
2.651952e-06 1.725504e+08 2.245725e-02 3.000000e+01 5.449222e-01 1.000000e+00
2.864109e-06 1.802887e+08 2.346438e-02 3.000000e+01 5.527838e-01 1.000000e+00
3.093237e-06 1.885490e+08 2.453945e-02 3.000000e+01 5.605815e-01 1.000000e+00
3.340696e-06 1.978728e+08 2.575293e-02 3.000000e+01 5.682044e-01 1.000000e+00
3.607952e-06 2.090323e+08 2.720533e-02 3.000000e+01 5.754744e-01 1.000000e+00
3.896588e-06 2.224530e+08 2.895202e-02 3.000000e+01 5.821509e-01 1.000000e+00
4.208315e-06 2.376212e+08 3.092614e-02 3.000000e+01 5.880606e-01 1.000000e+00
4.544981e-06 2.535491e+08 3.299915e-02 3.000000e+01 5.931854e-01 1.000000e+00
4.908579e-06 2.693780e+08 3.505925e-02 3.000000e+01 5.976576e-01 1.000000e+00
5.301265e-06 2.853285e+08 3.713520e-02 3.000000e+01 6.016460e-01 1.000000e+00
5.725367e-06 3.019759e+08 3.930184e-02 3.000000e+01 6.052681e-01 1.000000e+00
6.183396e-06 3.194733e+08 4.157911e-02 3.000000e+01 6.085839e-01 1.000000e+00
6.678068e-06 3.366516e+08 4.381484e-02 3.000000e+01 6.116776e-01 1.000000e+00
7.212313e-06 3.517291e+08 4.577716e-02 3.000000e+01 6.147444e-01 1.000000e+00
7.789298e-06 3.653032e+08 4.754382e-02 3.000000e+01 6.180875e-01 1.000000e+00
8.412442e-06 3.819276e+08 4.970746e-02 3.000000e+01 6.218591e-01 1.000000e+00
9.085437e-06 4.070776e+08 5.298072e-02 3.000000e+01 6.257627e-01 1.000000e+00
9.812272e-06 4.393753e+08 5.718423e-02 3.000000e+01 6.292244e-01 1.000000e+00
1.059725e-05 4.732115e+08 6.158797e-02 3.000000e+01 6.319584e-01 1.000000e+00
1.144503e-05 5.050394e+08 6.573034e-02 3.000000e+01 6.340495e-01 1.000000e+00
1.236064e-05 5.341363e+08 6.951726e-02 3.000000e+01 6.357084e-01 1.000000e+00
1.334949e-05 5.606691e+08 7.297049e-02 3.000000e+01 6.371695e-01 1.000000e+00
1.441745e-05 5.876224e+08 7.647842e-02 3.000000e+01 6.386265e-01 1.000000e+00
1.557084e-05 6.187888e+08 8.053470e-02 3.000000e+01 6.401338e-01 1.000000e+00
1.681651e-05 6.519963e+08 8.485661e-02 2.982000e+01 6.414271e-01 1.000000e+00
1.816183e-05 6.821460e+08 8.878057e-02 2.943000e+01 6.425618e-01 1.000000e+00
1.961478e-05 7.112713e+08 9.257120e-02 2.903000e+01 6.439729e-01 1.000000e+00
2.118396e-05 7.466275e+08 9.717276e-02 2.862000e+01 6.457290e-01 1.000000e+00
2.287868e-05 7.903630e+08 1.028649e-01 2.821000e+01 6.476802e-01 1.000000e+00
2.470897e-05 8.404179e+08 1.093795e-01 2.781000e+01 6.496133e-01 1.000000e+00
2.668569e-05 8.910648e+08 1.159711e-01 2.743000e+01 6.514147e-01 1.000000e+00
2.882054e-05 9.355502e+08 1.217609e-01 2.705000e+01 6.531510e-01 1.000000e+00
3.112619e-05 9.727440e+08 1.266016e-01 2.666000e+01 6.550690e-01 1.000000e+00
3.361628e-05 1.003552e+09 1.306112e-01 2.625000e+01 6.574878e-01 1.000000e+00
3.630558e-05 1.031943e+09 1.343063e-01 2.582000e+01 6.607588e-01 1.000000e+00
3.921003e-05 1.078628e+09 1.403823e-01 2.537000e+01 6.649716e-01 1.000000e+00
4.234683e-05 1.152371e+09 1.499798e-01 2.495000e+01 6.694730e-01 1.000000e+00
4.573458e-05 1.208607e+09 1.572989e-01 2.456000e+01 6.739152e-01 1.000000e+00
4.939335e-05 1.249620e+09 1.626367e-01 2.415000e+01 6.788428e-01 1.000000e+00
5.334481e-05 1.302134e+09 1.694714e-01 2.374000e+01 6.845170e-01 1.000000e+00
5.761240e-05 1.370292e+09 1.783420e-01 2.333000e+01 6.906021e-01 1.000000e+00
6.222139e-05 1.419569e+09 1.847553e-01 2.294000e+01 6.970928e-01 1.000000e+00
6.719910e-05 1.453505e+09 1.891722e-01 2.252000e+01 7.046650e-01 1.000000e+00
7.257503e-05 1.503037e+09 1.956186e-01 2.210000e+01 7.136240e-01 1.000000e+00
7.838103e-05 1.570286e+09 2.043710e-01 2.170000e+01 7.234485e-01 1.000000e+00
8.465152e-05 1.624458e+09 2.114215e-01 2.130000e+01 7.340260e-01 1.000000e+00
9.142364e-05 1.669784e+09 2.173206e-01 2.090000e+01 7.459437e-01 1.000000e+00
9.873753e-05 1.722397e+09 2.241682e-01 2.051000e+01 7.592509e-01 1.000000e+00
1.066365e-04 1.791815e+09 2.332027e-01 2.013000e+01 7.737996e-01 1.000000e+00
1.151675e-04 1.862762e+09 2.424364e-01 1.977000e+01 7.888988e-01 1.000000e+00
1.243808e-04 1.906124e+09 2.480800e-01 1.941000e+01 8.053177e-01 1.000000e+00
1.343313e-04 1.954612e+09 2.543907e-01 1.906000e+01 8.237185e-01 1.000000e+00
1.450778e-04 2.033438e+09 2.646497e-01 1.872000e+01 8.433484e-01 1.000000e+00
1.566840e-04 2.091403e+09 2.721939e-01 1.840000e+01 8.638793e-01 1.000000e+00
1.692188e-04 2.141978e+09 2.787761e-01 1.809000e+01 8.862289e-01 1.000000e+00
1.827563e-04 2.204700e+09 2.869394e-01 1.779000e+01 9.103988e-01 1.000000e+00
1.973768e-04 2.286549e+09 2.975920e-01 1.751000e+01 9.354432e-01 1.000000e+00
2.131669e-04 2.347413e+09 3.055133e-01 1.724000e+01 9.616937e-01 1.000000e+00
2.302203e-04 2.404179e+09 3.129013e-01 1.698000e+01 9.896060e-01 1.000000e+00
2.486379e-04 2.474559e+09 3.220612e-01 1.673000e+01 1.019168e+00 1.000000e+00
2.685289e-04 2.543043e+09 3.309743e-01 1.650000e+01 1.050030e+00 1.000000e+00
2.900112e-04 2.612316e+09 3.399901e-01 1.628000e+01 1.082216e+00 1.000000e+00
3.132121e-04 2.684419e+09 3.493743e-01 1.607000e+01 1.115768e+00 1.000000e+00
3.382691e-04 2.758977e+09 3.590779e-01 1.587000e+01 1.150499e+00 1.000000e+00
3.653306e-04 2.838157e+09 3.693832e-01 1.568000e+01 1.186350e+00 1.000000e+00
3.945571e-04 2.913859e+09 3.792356e-01 1.551000e+01 1.223162e+00 1.000000e+00
4.261217e-04 3.000081e+09 3.904574e-01 1.534000e+01 1.260849e+00 1.000000e+00
4.602114e-04 3.087688e+09 4.018592e-01 1.518000e+01 1.299261e+00 1.000000e+00
4.970283e-04 3.175605e+09 4.133015e-01 1.503000e+01 1.338176e+00 1.000000e+00
5.367906e-04 3.272090e+09 4.258590e-01 1.488000e+01 1.377468e+00 1.000000e+00
5.797338e-04 3.373134e+09 4.390098e-01 1.474000e+01 1.416934e+00 1.000000e+00
6.261125e-04 3.479746e+09 4.528852e-01 1.461000e+01 1.456385e+00 1.000000e+00
6.762015e-04 3.591017e+09 4.673670e-01 1.448000e+01 1.495591e+00 1.000000e+00
7.302976e-04 3.712668e+09 4.831998e-01 1.436000e+01 1.534298e+00 1.000000e+00
7.887214e-04 3.839894e+09 4.997581e-01 1.424000e+01 1.572351e+00 1.000000e+00
8.518192e-04 3.978501e+09 5.177976e-01 1.413000e+01 1.609533e+00 1.000000e+00
9.199647e-04 4.125711e+09 5.369569e-01 1.401000e+01 1.645636e+00 1.000000e+00
9.935619e-04 4.278413e+09 5.568308e-01 1.390000e+01 1.680438e+00 1.000000e+00
1.073047e-03 4.442527e+09 5.781901e-01 1.379000e+01 1.713824e+00 1.000000e+00
1.158891e-03 4.625758e+09 6.020375e-01 1.369000e+01 1.745551e+00 1.000000e+00
1.251602e-03 4.816861e+09 6.269093e-01 1.358000e+01 1.775529e+00 1.000000e+00
1.351730e-03 5.023347e+09 6.537832e-01 1.347000e+01 1.803589e+00 1.000000e+00
1.459868e-03 5.247760e+09 6.829903e-01 1.336000e+01 1.829644e+00 1.000000e+00
1.576658e-03 5.485447e+09 7.139250e-01 1.326000e+01 1.853584e+00 1.000000e+00
1.702790e-03 5.744477e+09 7.476375e-01 1.315000e+01 1.875347e+00 1.000000e+00
1.839014e-03 6.021468e+09 7.836876e-01 1.304000e+01 1.894871e+00 1.000000e+00
1.986135e-03 6.318298e+09 8.223197e-01 1.293000e+01 1.912135e+00 1.000000e+00
2.145026e-03 6.641316e+09 8.643602e-01 1.282000e+01 1.927110e+00 1.000000e+00
2.316628e-03 6.989965e+09 9.097364e-01 1.272000e+01 1.939817e+00 1.000000e+00
2.501958e-03 7.365631e+09 9.586289e-01 1.261000e+01 1.950257e+00 1.000000e+00
2.702114e-03 7.772576e+09 1.011592e+00 1.250000e+01 1.958478e+00 1.000000e+00
2.918284e-03 8.206162e+09 1.068023e+00 1.239000e+01 1.964523e+00 1.000000e+00
3.151746e-03 8.674295e+09 1.128950e+00 1.227000e+01 1.968457e+00 1.000000e+00
3.403886e-03 9.191628e+09 1.196281e+00 1.216000e+01 1.970341e+00 1.000000e+00
3.676197e-03 9.739919e+09 1.267640e+00 1.205000e+01 1.970267e+00 0.000000e+00
3.970293e-03 1.033884e+10 1.345589e+00 1.194000e+01 1.968316e+00 0.000000e+00
4.287916e-03 1.098434e+10 1.429599e+00 1.183000e+01 1.964586e+00 0.000000e+00
4.630949e-03 1.168331e+10 1.520570e+00 1.172000e+01 1.959174e+00 0.000000e+00
5.001425e-03 1.244007e+10 1.619062e+00 1.161000e+01 1.952183e+00 0.000000e+00
5.401539e-03 1.325131e+10 1.724643e+00 1.151000e+01 1.943720e+00 0.000000e+00
5.833662e-03 1.413603e+10 1.839789e+00 1.140000e+01 1.933888e+00 0.000000e+00
6.300355e-03 1.509007e+10 1.963957e+00 1.129000e+01 1.922799e+00 0.000000e+00
6.804384e-03 1.612654e+10 2.098852e+00 1.119000e+01 1.910558e+00 0.000000e+00
7.348734e-03 1.724521e+10 2.244445e+00 1.109000e+01 1.897273e+00 0.000000e+00
7.936633e-03 1.845801e+10 2.402290e+00 1.099000e+01 1.883049e+00 0.000000e+00
8.571564e-03 1.976713e+10 2.572671e+00 1.089000e+01 1.867987e+00 0.000000e+00
9.257289e-03 2.118861e+10 2.757675e+00 1.079000e+01 1.852190e+00 0.000000e+00
9.997872e-03 2.273056e+10 2.958358e+00 1.070000e+01 1.835755e+00 0.000000e+00
1.079770e-02 2.440009e+10 3.175645e+00 1.061000e+01 1.818777e+00 0.000000e+00
1.166152e-02 2.620406e+10 3.410431e+00 1.052000e+01 1.801345e+00 0.000000e+00
1.259444e-02 2.815923e+10 3.664894e+00 1.044000e+01 1.783548e+00 0.000000e+00
1.360199e-02 3.027562e+10 3.940340e+00 1.035000e+01 1.765468e+00 0.000000e+00
1.469015e-02 3.257061e+10 4.239030e+00 1.027000e+01 1.747188e+00 0.000000e+00
1.586537e-02 3.505467e+10 4.562328e+00 1.020000e+01 1.728783e+00 0.000000e+00
1.713460e-02 3.774469e+10 4.912431e+00 1.013000e+01 1.710324e+00 0.000000e+00
1.850536e-02 4.066012e+10 5.291870e+00 1.006000e+01 1.691881e+00 0.000000e+00
1.998579e-02 4.381605e+10 5.702612e+00 9.990000e+00 1.673516e+00 0.000000e+00
2.158466e-02 4.723552e+10 6.147652e+00 9.930000e+00 1.655294e+00 0.000000e+00
2.331143e-02 5.093593e+10 6.629256e+00 9.870000e+00 1.637271e+00 0.000000e+00
2.517634e-02 5.494388e+10 7.150887e+00 9.820000e+00 1.619501e+00 0.000000e+00
2.719045e-02 5.928475e+10 7.715846e+00 9.770000e+00 1.602034e+00 0.000000e+00
2.936569e-02 6.398380e+10 8.327423e+00 9.730000e+00 1.584920e+00 0.000000e+00
3.171494e-02 6.907280e+10 8.989751e+00 9.680000e+00 1.568199e+00 0.000000e+00
3.425214e-02 7.485839e+10 9.742739e+00 9.650000e+00 1.551946e+00 0.000000e+00
3.699231e-02 8.144746e+10 1.060030e+01 9.610000e+00 1.536382e+00 0.000000e+00
3.995169e-02 8.851714e+10 1.152041e+01 9.590000e+00 1.521525e+00 0.000000e+00
