# mu_q_mev  pressure_mev4  energy_density_mev4
0.0000000000e+00 -0.0000000000e+00 0.0000000000e+00
3.0000000000e+02 1.4643273898e+08 2.2433377689e+09
3.0639849325e+02 1.9842299449e+08 2.5517195799e+09
3.1293345556e+02 2.6275418268e+08 2.8549250088e+09
3.1960779757e+02 3.3005746352e+08 3.0715277264e+09
3.2642449203e+02 4.0650013899e+08 3.2606263640e+09
3.3338657506e+02 4.8485729589e+08 3.3711271244e+09
3.4049714757e+02 5.6935938676e+08 3.5944775976e+09
3.4775937657e+02 6.6072361775e+08 3.8319579872e+09
3.5517649665e+02 7.5910686230e+08 4.0765246710e+09
3.6275181138e+02 8.6495358514e+08 4.3462233016e+09
3.7048869477e+02 9.7920539827e+08 4.6807107357e+09
3.7839059282e+02 1.1040355953e+09 5.0035255738e+09
3.8646102500e+02 1.2371300154e+09 5.3511303020e+09
3.9470358587e+02 1.3823275995e+09 5.7292941905e+09
4.0312194664e+02 1.5374631417e+09 6.0902997556e+09
4.1171985683e+02 1.7044839122e+09 6.5121835868e+09
4.2050114592e+02 1.8844956358e+09 6.9629486732e+09
4.2946972507e+02 2.0781500927e+09 7.4385413027e+09
4.3862958886e+02 2.2864259156e+09 7.9506283035e+09
4.4798481708e+02 2.5105059584e+09 8.6059125720e+09
4.5753957651e+02 2.7560111681e+09 9.2636299517e+09
4.6729812282e+02 3.0181068369e+09 9.8765600237e+09
4.7726480244e+02 3.3006204952e+09 1.0592484149e+10
4.8744405450e+02 3.6048800824e+09 1.1382830993e+10
4.9784041282e+02 3.9336463861e+09 1.2227514444e+10
5.0845850789e+02 4.2874386524e+09 1.3129076991e+10
5.1930306900e+02 4.6692463012e+09 1.4115776780e+10
5.3037892628e+02 5.0808292156e+09 1.5174628265e+10
5.4169101288e+02 5.5247458673e+09 1.6390336113e+10
5.5324436719e+02 6.0064837576e+09 1.7739818728e+10
5.6504413502e+02 6.5277165750e+09 1.9126759876e+10
5.7709557198e+02 7.0900160563e+09 2.0562307249e+10
5.8940404572e+02 7.6956086391e+09 2.2136833948e+10
6.0197503842e+02 8.3500299419e+09 2.3893547206e+10
6.1481414916e+02 9.0574651167e+09 2.5784061056e+10
6.2792709645e+02 9.8216024385e+09 2.7827437746e+10
6.4131972075e+02 1.0647629290e+10 3.0067584267e+10
6.5499798710e+02 1.1541285850e+10 3.2490226927e+10
6.6896798777e+02 1.2507367778e+10 3.5100153924e+10
6.8323594496e+02 1.3552069146e+10 3.7949817204e+10
6.9780821358e+02 1.4682653643e+10 4.1043501922e+10
7.1269128406e+02 1.5905767119e+10 4.4385593664e+10
7.2789178531e+02 1.7229175482e+10 4.8027957811e+10
7.4341648756e+02 1.8662047087e+10 5.1982634183e+10
7.5927230550e+02 2.0213001697e+10 5.6268050123e+10
7.7546630125e+02 2.1892397361e+10 6.0925813244e+10
7.9200568757e+02 2.3711019221e+10 6.5978671816e+10
8.0889783106e+02 2.5680652588e+10 7.1477621573e+10
8.2615025544e+02 2.7814746072e+10 7.7447699895e+10
8.4377064490e+02 3.0126672468e+10 8.3919606111e+10
8.6176684749e+02 3.2631783667e+10 9.0952542805e+10
8.8014687869e+02 3.5346581301e+10 9.8610527664e+10
8.9891892491e+02 3.8289839004e+10 1.0692048092e+11
9.1809134716e+02 4.1479930390e+10 1.1593791415e+11
9.3767268480e+02 4.4938831642e+10 1.2576048632e+11
9.5767165929e+02 4.8689918714e+10 1.3641954721e+11
9.7809717813e+02 5.2757466753e+10 1.4800822977e+11
9.9895833878e+02 5.7169874588e+10 1.6061087951e+11
1.0202644327e+03 6.1956100167e+10 1.7428410212e+11
1.0420249497e+03 6.7148206994e+10 1.8915392247e+11
1.0642495817e+03 7.2781834561e+10 2.0532260424e+11
1.0869482276e+03 7.8894837422e+10 2.2289082363e+11
1.1101309973e+03 8.5528731844e+10 2.4199375788e+11
1.1338082163e+03 9.2728832045e+10 2.6276613265e+11
1.1579904304e+03 1.0054425235e+11 2.8534352076e+11
1.1826884102e+03 1.0902810529e+11 3.0988476267e+11
1.2079131563e+03 1.1823847044e+11 3.3656668417e+11
1.2336759035e+03 1.2823837331e+11 3.6557539822e+11
1.2599881267e+03 1.3909642100e+11 3.9711846691e+11
1.2868615451e+03 1.5088730447e+11 4.3143342938e+11
1.3143081282e+03 1.6369282922e+11 4.6873484230e+11
1.3423401005e+03 1.7760015613e+11 5.0927758741e+11
1.3709699474e+03 1.9270560581e+11 5.5337721369e+11
1.4002104206e+03 2.0911370055e+11 6.0133345215e+11
1.4300745437e+03 2.2693783537e+11 6.5348218344e+11
1.4605756181e+03 2.4630151899e+11 7.1019443032e+11
1.4917272289e+03 2.6733903041e+11 7.7187017271e+11
1.5235432509e+03 2.9019644675e+11 8.3894403449e+11
1.5560378550e+03 3.1503257326e+11 9.1188942716e+11
1.5892255140e+03 3.4202019418e+11 9.9122859516e+11
1.6231210098e+03 3.7134747583e+11 1.0775167110e+12
1.6577394392e+03 4.0321858577e+11 1.1713614824e+12
1.6930962213e+03 4.3785600168e+11 1.2734333061e+12
1.7292071038e+03 4.7550159488e+11 1.3844523426e+12
1.7660881704e+03 5.1641848163e+11 1.5052064373e+12
1.8037558479e+03 5.6089292592e+11 1.6365497228e+12
1.8422269133e+03 6.0923621027e+11 1.7794120722e+12
1.8815185015e+03 6.6178702822e+11 1.9348078133e+12
1.9216481130e+03 7.1891381134e+11 2.1038374250e+12
1.9626336213e+03 7.8101729808e+11 2.2876999670e+12
2.0044932812e+03 8.4853349696e+11 2.4877002128e+12
2.0472457370e+03 9.2193667363e+11 2.7052564134e+12
2.0909100305e+03 1.0017427765e+12 2.9419126314e+12
2.1355056095e+03 1.0885130845e+12 3.1993488951e+12
2.1810523370e+03 1.1828582180e+12 3.4793919896e+12
2.2275704992e+03 1.2854424088e+12 3.7840299420e+12
2.2750808152e+03 1.3969883090e+12 4.1154268856e+12
2.3236044461e+03 1.5182820855e+12 4.4759364682e+12
2.3731630040e+03 1.6501790143e+12 4.8681203670e+12
2.4237785622e+03 1.7936095932e+12 5.2947636790e+12
2.4754736648e+03 1.9495860400e+12 5.7588977794e+12
2.5282713366e+03 2.1192096547e+12 6.2638225105e+12
2.5821950936e+03 2.3036785549e+12 6.8131262574e+12
2.6372689532e+03 2.5042962199e+12 7.4107138404e+12
2.6935174452e+03 2.7224807627e+12 8.0608338609e+12
2.7509656225e+03 2.9597750212e+12 8.7681089748e+12
2.8096390724e+03 3.2178575351e+12 9.5375687805e+12
2.8695639279e+03 3.4985544901e+12 1.0374687070e+13
2.9307668794e+03 3.8038527737e+12 1.1285416612e+13
2.9932751864e+03 4.1359139343e+12 1.2276235245e+13
3.0571166900e+03 4.4970897863e+12 1.3354193042e+13
3.1223198251e+03 4.8899390053e+12 1.4526959683e+13
3.1889136329e+03 5.3172454476e+12 1.5802880363e+13
3.2569277741e+03 5.7820378710e+12 1.7191034192e+13
3.3263925420e+03 6.2876115624e+12 1.8701299203e+13
3.3973388762e+03 6.8375517110e+12 2.0344426990e+13
3.4697983758e+03 7.4357591860e+12 2.2132111381e+13
3.5438033141e+03 8.0864778783e+12 2.4077077333e+13
3.6193866527e+03 8.7943254215e+12 2.6193172628e+13
3.6965820563e+03 9.5643256663e+12 2.8495459494e+13
3.7754239075e+03 1.0401944675e+13 3.1000332543e+13
3.8559473222e+03 1.1313129680e+13 3.3725626760e+13
3.9381881652e+03 1.2304351289e+13 3.6690745787e+13
4.0221830666e+03 1.3382649647e+13 3.9916805937e+13
4.1079694373e+03 1.4555684676e+13 4.3426781306e+13
4.1955854864e+03 1.5831790483e+13 4.7245669297e+13
4.2850702378e+03 1.7220034893e+13 5.1400668423e+13
4.3764635479e+03 1.8730283881e+13 5.5921371383e+13
4.4698061228e+03 2.0373271985e+13 6.0839979394e+13
4.5651395372e+03 2.2160678760e+13 6.6191528272e+13
4.6625062523e+03 2.4105211976e+13 7.2014138603e+13
4.7619496350e+03 2.6220698144e+13 7.8349289902e+13
4.8635139770e+03 2.8522181132e+13 8.5242111458e+13
4.9672445149e+03 3.1026029126e+13 9.2741712775e+13
5.0731874500e+03 3.3750051742e+13 1.0090152373e+14
5.1813899689e+03 3.6713626266e+13 1.0977967641e+14
5.2919002647e+03 3.9937836277e+13 1.1943943067e+14
5.4047675585e+03 4.3445621674e+13 1.2994961539e+14
5.5200421211e+03 4.7261942298e+13 1.4138509329e+14
5.6377752953e+03 5.1413954467e+13 1.5382742212e+14
5.7580195193e+03 5.5931210159e+13 1.6736521580e+14
5.8808283494e+03 6.0845856721e+13 1.8209489186e+14
6.0062564845e+03 6.6192876867e+13 1.9812149372e+14
6.1343597898e+03 7.2010332448e+13 2.1555920537e+14
6.2651953222e+03 7.8339636982e+13 2.3453229482e+14
6.3988213555e+03 8.5225850604e+13 2.5517598420e+14
6.5352974065e+03 9.2718001865e+13 2.7763739153e+14
6.6746842610e+03 1.0086943599e+14 3.0207659342e+14
6.8170440017e+03 1.0973819638e+14 3.2866777836e+14
6.9624400352e+03 1.1938743757e+14 3.5760046312e+14
7.1109371205e+03 1.2988587566e+14 3.8908085276e+14
7.2626013978e+03 1.4130827769e+14 4.2333335055e+14
7.4175004180e+03 1.5373599658e+14 4.6060207636e+14
7.5757031726e+03 1.6725754707e+14 5.0115265113e+14
7.7372801247e+03 1.8196924065e+14 5.4527413785e+14
7.9023032403e+03 1.9797587001e+14 5.9328099072e+14
8.0708460202e+03 2.1539145537e+14 6.4551549729e+14
8.2429835329e+03 2.3434006373e+14 7.0234995085e+14
8.4187924480e+03 2.5495668101e+14 7.6418905791e+14
8.5983510702e+03 2.7738817046e+14 8.3147469213e+14
8.7817393746e+03 3.0179438729e+14 9.0468584904e+14
8.9690390417e+03 3.2834917646e+14 9.8434370249e+14
9.1603334944e+03 3.5724175338e+14 1.0710171157e+15
9.3557079346e+03 3.8867798229e+14 1.1653236186e+15
9.5552493816e+03 4.2288185863e+14 1.2679354679e+15
9.7590467106e+03 4.6009710375e+14 1.3795842013e+15
9.9671906924e+03 5.0058890758e+14 1.5010657140e+15
1.0179774034e+04 5.4464581091e+14 1.6332460052e+15
1.0396891419e+04 5.9258177096e+14 1.7770673519e+15
1.0618639551e+04 6.4473839096e+14 1.9335552100e+15
1.0845117196e+04 7.0148737223e+14 2.1038251664e+15
1.1076425226e+04 7.6323313970e+14 2.2890908568e+15
1.1312666667e+04 8.3041574098e+14 2.4906732306e+15
1.1553946738e+04 9.0351398448e+14 2.7100094496e+15
1.1800372905e+04 9.8304884719e+14 2.9486631541e+15
1.2052054927e+04 1.0695871906e+15 3.2083357834e+15
1.2309104900e+04 1.1637458034e+15 3.4908784043e+15
1.2571637316e+04 1.2661957876e+15 3.7983047134e+15
1.2839769105e+04 1.3776673362e+15 4.1328069832e+15
1.3113619691e+04 1.4989549956e+15 4.4967743816e+15
1.3393311048e+04 1.6309234392e+15 4.8927990070e+15
1.3678967749e+04 1.7745132167e+15 5.3236982397e+15
1.3970717026e+04 1.9307477406e+15 5.7925483480e+15
1.4268688821e+04 2.1007407316e+15 6.3026949559e+15
1.4573015852e+04 2.2857039579e+15 6.8577731010e+15
1.4883833664e+04 2.4869558667e+15 7.4617399202e+15
1.5201280695e+04 2.7059310653e+15 8.1189008801e+15
1.5525498334e+04 2.9441904564e+15 8.8339445039e+15
1.5856630989e+04 3.2034326248e+15 9.6119667366e+15
1.6194826144e+04 3.4855054599e+15 1.0458512250e+16
1.6540234430e+04 3.7924198145e+15 1.1379619984e+16
1.6893009691e+04 4.1263635910e+15 1.2381856674e+16
1.7253309053e+04 4.4897174350e+15 1.3472367793e+16
1.7621292991e+04 4.8850716252e+15 1.4658928056e+16
1.7997125406e+04 5.3152446200e+15 1.5949998033e+16
1.8380973691e+04 5.7833031169e+15 1.7354744048e+16
1.8773008811e+04 6.2925822566e+15 1.8883295764e+16
1.9173405379e+04 6.8467176517e+15 2.0546482307e+16
1.9582341729e+04 7.4496550859e+15 2.2356068540e+16
2.0000000000e+04 8.1056941097e+15 2.4283096227e+16
