# source=D  m_Δ=700
# integrator=rk4  rstep_km=0.01
# columns=Pc_dimless epsilon_c_mev4 epsilon_c_gev_fm3 radius_km mass_msun stable_flag
3.023973e-09 1.677668e+06 2.183467e-04 3.000000e+01 1.893504e-02 1.000000e+00
3.265891e-09 1.773829e+06 2.308619e-04 3.000000e+01 1.984909e-02 1.000000e+00
3.527163e-09 1.877863e+06 2.444018e-04 3.000000e+01 2.082026e-02 1.000000e+00
3.809336e-09 1.990406e+06 2.590493e-04 3.000000e+01 2.185070e-02 1.000000e+00
4.114082e-09 2.112140e+06 2.748928e-04 3.000000e+01 2.294247e-02 1.000000e+00
4.443209e-09 2.243792e+06 2.920271e-04 3.000000e+01 2.409743e-02 1.000000e+00
4.798666e-09 2.386135e+06 3.105530e-04 3.000000e+01 2.531725e-02 1.000000e+00
5.182559e-09 2.539991e+06 3.305771e-04 3.000000e+01 2.660333e-02 1.000000e+00
5.597164e-09 2.706223e+06 3.522120e-04 3.000000e+01 2.795681e-02 1.000000e+00
6.044937e-09 2.885735e+06 3.755753e-04 3.000000e+01 2.937850e-02 1.000000e+00
6.528532e-09 3.079463e+06 4.007888e-04 3.000000e+01 3.086892e-02 1.000000e+00
7.050814e-09 3.288364e+06 4.279770e-04 3.000000e+01 3.242818e-02 1.000000e+00
7.614879e-09 3.513402e+06 4.572656e-04 3.000000e+01 3.405612e-02 1.000000e+00
8.224070e-09 3.755528e+06 4.887779e-04 3.000000e+01 3.575221e-02 1.000000e+00
8.881995e-09 4.015644e+06 5.226317e-04 3.000000e+01 3.751568e-02 1.000000e+00
9.592555e-09 4.294569e+06 5.589335e-04 3.000000e+01 3.934559e-02 1.000000e+00
1.035996e-08 4.592982e+06 5.977716e-04 3.000000e+01 4.124092e-02 1.000000e+00
1.118876e-08 4.911351e+06 6.392071e-04 3.000000e+01 4.320074e-02 1.000000e+00
1.208386e-08 5.249840e+06 6.832611e-04 3.000000e+01 4.522447e-02 1.000000e+00
1.305057e-08 5.608182e+06 7.298989e-04 3.000000e+01 4.731214e-02 1.000000e+00
1.409461e-08 5.985554e+06 7.790134e-04 3.000000e+01 4.946474e-02 1.000000e+00
1.522218e-08 6.381260e+06 8.305141e-04 3.000000e+01 5.168434e-02 1.000000e+00
1.643995e-08 6.795119e+06 8.843774e-04 3.000000e+01 5.397330e-02 1.000000e+00
1.775515e-08 7.226806e+06 9.405611e-04 3.000000e+01 5.633427e-02 1.000000e+00
1.917556e-08 7.675798e+06 9.989968e-04 3.000000e+01 5.877043e-02 1.000000e+00
2.070961e-08 8.141356e+06 1.059589e-03 3.000000e+01 6.128576e-02 1.000000e+00
2.236638e-08 8.622526e+06 1.122212e-03 3.000000e+01 6.388512e-02 1.000000e+00
2.415569e-08 9.118140e+06 1.186716e-03 3.000000e+01 6.657450e-02 1.000000e+00
2.608814e-08 9.626843e+06 1.252923e-03 3.000000e+01 6.936104e-02 1.000000e+00
2.817519e-08 1.014714e+07 1.320640e-03 3.000000e+01 7.225317e-02 1.000000e+00
3.042921e-08 1.067749e+07 1.389663e-03 3.000000e+01 7.526061e-02 1.000000e+00
3.286354e-08 1.121641e+07 1.459803e-03 3.000000e+01 7.839435e-02 1.000000e+00
3.549263e-08 1.176271e+07 1.530904e-03 3.000000e+01 8.166645e-02 1.000000e+00
3.833204e-08 1.231577e+07 1.602884e-03 3.000000e+01 8.508970e-02 1.000000e+00
4.139860e-08 1.287594e+07 1.675790e-03 3.000000e+01 8.867697e-02 1.000000e+00
4.471049e-08 1.344512e+07 1.749867e-03 3.000000e+01 9.244014e-02 1.000000e+00
4.828733e-08 1.402751e+07 1.825665e-03 3.000000e+01 9.638847e-02 1.000000e+00
5.215031e-08 1.463045e+07 1.904137e-03 3.000000e+01 1.005262e-01 1.000000e+00
5.632234e-08 1.525855e+07 1.985884e-03 3.000000e+01 1.048521e-01 1.000000e+00
6.082812e-08 1.591070e+07 2.070761e-03 3.000000e+01 1.093659e-01 1.000000e+00
6.569437e-08 1.658492e+07 2.158510e-03 3.000000e+01 1.140709e-01 1.000000e+00
7.094992e-08 1.727853e+07 2.248782e-03 3.000000e+01 1.189738e-01 1.000000e+00
7.662592e-08 1.798803e+07 2.341123e-03 3.000000e+01 1.240855e-01 1.000000e+00
8.275599e-08 1.870902e+07 2.434959e-03 3.000000e+01 1.294211e-01 1.000000e+00
8.937647e-08 1.943602e+07 2.529577e-03 3.000000e+01 1.350007e-01 1.000000e+00
9.652659e-08 2.016233e+07 2.624106e-03 3.000000e+01 1.408500e-01 1.000000e+00
1.042487e-07 2.087990e+07 2.717497e-03 3.000000e+01 1.470013e-01 1.000000e+00
1.125886e-07 2.157918e+07 2.808507e-03 3.000000e+01 1.534944e-01 1.000000e+00
1.215957e-07 2.224896e+07 2.895678e-03 3.000000e+01 1.603777e-01 1.000000e+00
1.313234e-07 2.287627e+07 2.977321e-03 3.000000e+01 1.677098e-01 1.000000e+00
1.418292e-07 2.345184e+07 3.052232e-03 3.000000e+01 1.755584e-01 1.000000e+00
1.531756e-07 2.398417e+07 3.121514e-03 3.000000e+01 1.839856e-01 1.000000e+00
1.654296e-07 2.449531e+07 3.188038e-03 3.000000e+01 1.930259e-01 1.000000e+00
1.786640e-07 2.502381e+07 3.256822e-03 3.000000e+01 2.026662e-01 1.000000e+00
1.929571e-07 2.563122e+07 3.335875e-03 3.000000e+01 2.128201e-01 1.000000e+00
2.083937e-07 2.641066e+07 3.437318e-03 3.000000e+01 2.233022e-01 1.000000e+00
2.250652e-07 2.749810e+07 3.578849e-03 3.000000e+01 2.338133e-01 1.000000e+00
2.430704e-07 2.908337e+07 3.785169e-03 3.000000e+01 2.439497e-01 1.000000e+00
2.625160e-07 3.129742e+07 4.073325e-03 3.000000e+01 2.532968e-01 1.000000e+00
2.835173e-07 3.412604e+07 4.441467e-03 3.000000e+01 2.616386e-01 1.000000e+00
3.061987e-07 3.749335e+07 4.879719e-03 3.000000e+01 2.689714e-01 1.000000e+00
3.306946e-07 4.124522e+07 5.368021e-03 3.000000e+01 2.754282e-01 1.000000e+00
3.571501e-07 4.511763e+07 5.872011e-03 3.000000e+01 2.812295e-01 1.000000e+00
3.857221e-07 4.876474e+07 6.346679e-03 3.000000e+01 2.866660e-01 1.000000e+00
4.165799e-07 5.206403e+07 6.776078e-03 3.000000e+01 2.920325e-01 1.000000e+00
4.499063e-07 5.500058e+07 7.158267e-03 3.000000e+01 2.975641e-01 1.000000e+00
4.858988e-07 5.759150e+07 7.495472e-03 3.000000e+01 3.034586e-01 1.000000e+00
5.247707e-07 5.990199e+07 7.796179e-03 3.000000e+01 3.098872e-01 1.000000e+00
5.667524e-07 6.206712e+07 8.077969e-03 3.000000e+01 3.169823e-01 1.000000e+00
6.120925e-07 6.432012e+07 8.371195e-03 3.000000e+01 3.248005e-01 1.000000e+00
6.610599e-07 6.688435e+07 8.704926e-03 3.000000e+01 3.332792e-01 1.000000e+00
7.139447e-07 6.975580e+07 9.078642e-03 3.000000e+01 3.423040e-01 1.000000e+00
7.710603e-07 7.286491e+07 9.483290e-03 3.000000e+01 3.517874e-01 1.000000e+00
8.327452e-07 7.609201e+07 9.903294e-03 3.000000e+01 3.616963e-01 1.000000e+00
8.993648e-07 7.925250e+07 1.031463e-02 3.000000e+01 3.720799e-01 1.000000e+00
9.713139e-07 8.226176e+07 1.070628e-02 3.000000e+01 3.830734e-01 1.000000e+00
1.049019e-06 8.529832e+07 1.110148e-02 3.000000e+01 3.947821e-01 1.000000e+00
1.132941e-06 8.867655e+07 1.154116e-02 3.000000e+01 4.071806e-01 1.000000e+00
1.223576e-06 9.287820e+07 1.208800e-02 3.000000e+01 4.200341e-01 1.000000e+00
1.321462e-06 9.845833e+07 1.281425e-02 3.000000e+01 4.328377e-01 1.000000e+00
1.427179e-06 1.053747e+08 1.371440e-02 3.000000e+01 4.450338e-01 1.000000e+00
1.541353e-06 1.131962e+08 1.473236e-02 3.000000e+01 4.563322e-01 1.000000e+00
1.664661e-06 1.211995e+08 1.577398e-02 3.000000e+01 4.667662e-01 1.000000e+00
1.797834e-06 1.288573e+08 1.677064e-02 3.000000e+01 4.766263e-01 1.000000e+00
1.941661e-06 1.364112e+08 1.775377e-02 3.000000e+01 4.861779e-01 1.000000e+00
2.096994e-06 1.443732e+08 1.879001e-02 3.000000e+01 4.955188e-01 1.000000e+00
2.264753e-06 1.535165e+08 1.998001e-02 3.000000e+01 5.045487e-01 1.000000e+00
2.445934e-06 1.642046e+08 2.137105e-02 3.000000e+01 5.130127e-01 1.000000e+00
2.641608e-06 1.760520e+08 2.291298e-02 3.000000e+01 5.207305e-01 1.000000e+00
2.852937e-06 1.883518e+08 2.451378e-02 3.000000e+01 5.276902e-01 1.000000e+00
3.081172e-06 2.003684e+08 2.607774e-02 3.000000e+01 5.340371e-01 1.000000e+00
3.327666e-06 2.119430e+08 2.758416e-02 3.000000e+01 5.399676e-01 1.000000e+00
3.593879e-06 2.230411e+08 2.902856e-02 3.000000e+01 5.456587e-01 1.000000e+00
3.881389e-06 2.337377e+08 3.042071e-02 3.000000e+01 5.512661e-01 1.000000e+00
4.191901e-06 2.446894e+08 3.184607e-02 3.000000e+01 5.568934e-01 1.000000e+00
4.527253e-06 2.572090e+08 3.347548e-02 3.000000e+01 5.625118e-01 1.000000e+00
4.889433e-06 2.730062e+08 3.553146e-02 3.000000e+01 5.678975e-01 1.000000e+00
5.280588e-06 2.921193e+08 3.801901e-02 3.000000e+01 5.727232e-01 1.000000e+00
5.703035e-06 3.131295e+08 4.075347e-02 3.000000e+01 5.768029e-01 1.000000e+00
6.159277e-06 3.341743e+08 4.349243e-02 3.000000e+01 5.801600e-01 1.000000e+00
6.652019e-06 3.548430e+08 4.618243e-02 3.000000e+01 5.829367e-01 1.000000e+00
7.184181e-06 3.753772e+08 4.885493e-02 3.000000e+01 5.852740e-01 1.000000e+00
7.758915e-06 3.963395e+08 5.158316e-02 3.000000e+01 5.872850e-01 1.000000e+00
8.379629e-06 4.189150e+08 5.452133e-02 3.000000e+01 5.890346e-01 1.000000e+00
9.049999e-06 4.448651e+08 5.789871e-02 3.000000e+01 5.905135e-01 1.000000e+00
9.773999e-06 4.749032e+08 6.180814e-02 3.000000e+01 5.916411e-01 1.000000e+00
1.055592e-05 5.081949e+08 6.614103e-02 3.000000e+01 5.923405e-01 1.000000e+00
1.140039e-05 5.435839e+08 7.074685e-02 3.000000e+01 5.925858e-01 1.000000e+00
1.231242e-05 5.804235e+08 7.554150e-02 3.000000e+01 5.923968e-01 1.000000e+00
1.329742e-05 6.179407e+08 8.042431e-02 3.000000e+01 5.918192e-01 1.000000e+00
1.436121e-05 6.549425e+08 8.524006e-02 3.000000e+01 5.909201e-01 1.000000e+00
1.551011e-05 6.897334e+08 8.976806e-02 3.000000e+01 5.897917e-01 1.000000e+00
1.675092e-05 7.233287e+08 9.414045e-02 2.996000e+01 5.885312e-01 1.000000e+00
1.809099e-05 7.633614e+08 9.935066e-02 2.958000e+01 5.870757e-01 1.000000e+00
1.953827e-05 8.161866e+08 1.062258e-01 2.921000e+01 5.856379e-01 1.000000e+00
2.110133e-05 8.725197e+08 1.135575e-01 2.886000e+01 5.840836e-01 1.000000e+00
2.278944e-05 9.197122e+08 1.196996e-01 2.850000e+01 5.823554e-01 1.000000e+00
2.461259e-05 9.610415e+08 1.250785e-01 2.813000e+01 5.805740e-01 1.000000e+00
2.658160e-05 1.006014e+09 1.309317e-01 2.775000e+01 5.788933e-01 1.000000e+00
2.870813e-05 1.060554e+09 1.380300e-01 2.736000e+01 5.773823e-01 1.000000e+00
3.100478e-05 1.126795e+09 1.466511e-01 2.697000e+01 5.760006e-01 1.000000e+00
3.348516e-05 1.194545e+09 1.554687e-01 2.659000e+01 5.746547e-01 1.000000e+00
3.616397e-05 1.251036e+09 1.628210e-01 2.620000e+01 5.733293e-01 1.000000e+00
3.905709e-05 1.291213e+09 1.680500e-01 2.580000e+01 5.721798e-01 1.000000e+00
4.218166e-05 1.325602e+09 1.725257e-01 2.536000e+01 5.714914e-01 1.000000e+00
4.555619e-05 1.382206e+09 1.798926e-01 2.489000e+01 5.714871e-01 1.000000e+00
4.920069e-05 1.452923e+09 1.890963e-01 2.444000e+01 5.720673e-01 1.000000e+00
5.313674e-05 1.516916e+09 1.974250e-01 2.398000e+01 5.731218e-01 1.000000e+00
5.738768e-05 1.570602e+09 2.044121e-01 2.352000e+01 5.747725e-01 1.000000e+00
6.197869e-05 1.618528e+09 2.106496e-01 2.304000e+01 5.772391e-01 1.000000e+00
6.693699e-05 1.662680e+09 2.163960e-01 2.255000e+01 5.807547e-01 1.000000e+00
7.229195e-05 1.714063e+09 2.230835e-01 2.204000e+01 5.855292e-01 1.000000e+00
7.807530e-05 1.804279e+09 2.348250e-01 2.155000e+01 5.912467e-01 1.000000e+00
8.432133e-05 1.869106e+09 2.432622e-01 2.109000e+01 5.975790e-01 1.000000e+00
9.106704e-05 1.900224e+09 2.473121e-01 2.061000e+01 6.052487e-01 1.000000e+00
9.835240e-05 1.940406e+09 2.525417e-01 2.012000e+01 6.148231e-01 1.000000e+00
1.062206e-04 2.010548e+09 2.616706e-01 1.965000e+01 6.259889e-01 1.000000e+00
1.147182e-04 2.089981e+09 2.720087e-01 1.920000e+01 6.381609e-01 1.000000e+00
1.238957e-04 2.140143e+09 2.785374e-01 1.877000e+01 6.515752e-01 1.000000e+00
1.338074e-04 2.182876e+09 2.840990e-01 1.834000e+01 6.670015e-01 1.000000e+00
1.445119e-04 2.245296e+09 2.922229e-01 1.793000e+01 6.842525e-01 1.000000e+00
1.560729e-04 2.299802e+09 2.993167e-01 1.755000e+01 7.031992e-01 1.000000e+00
1.685587e-04 2.374141e+09 3.089919e-01 1.718000e+01 7.237410e-01 1.000000e+00
1.820434e-04 2.425917e+09 3.157305e-01 1.684000e+01 7.458011e-01 1.000000e+00
1.966069e-04 2.494433e+09 3.246478e-01 1.651000e+01 7.697118e-01 1.000000e+00
2.123355e-04 2.541364e+09 3.307558e-01 1.620000e+01 7.953830e-01 1.000000e+00
2.293223e-04 2.627341e+09 3.419456e-01 1.592000e+01 8.227577e-01 1.000000e+00
2.476681e-04 2.679368e+09 3.487169e-01 1.566000e+01 8.515123e-01 1.000000e+00
2.674815e-04 2.752427e+09 3.582254e-01 1.541000e+01 8.819186e-01 1.000000e+00
2.888800e-04 2.822393e+09 3.673314e-01 1.518000e+01 9.138865e-01 1.000000e+00
3.119904e-04 2.888603e+09 3.759485e-01 1.497000e+01 9.474394e-01 1.000000e+00
3.369497e-04 2.968304e+09 3.863216e-01 1.477000e+01 9.819464e-01 1.000000e+00
3.639056e-04 3.054457e+09 3.975344e-01 1.459000e+01 1.018031e+00 1.000000e+00
3.930181e-04 3.128458e+09 4.071655e-01 1.442000e+01 1.054751e+00 1.000000e+00
4.244595e-04 3.214636e+09 4.183815e-01 1.426000e+01 1.092569e+00 1.000000e+00
4.584163e-04 3.304217e+09 4.300403e-01 1.412000e+01 1.131157e+00 1.000000e+00
4.950896e-04 3.399964e+09 4.425017e-01 1.398000e+01 1.170298e+00 1.000000e+00
5.346968e-04 3.495480e+09 4.549330e-01 1.385000e+01 1.209910e+00 1.000000e+00
5.774725e-04 3.605184e+09 4.692108e-01 1.373000e+01 1.249572e+00 1.000000e+00
6.236703e-04 3.715730e+09 4.835982e-01 1.362000e+01 1.289285e+00 1.000000e+00
6.735640e-04 3.836636e+09 4.993340e-01 1.351000e+01 1.328782e+00 1.000000e+00
7.274491e-04 3.962245e+09 5.156819e-01 1.340000e+01 1.367855e+00 1.000000e+00
7.856450e-04 4.098454e+09 5.334094e-01 1.330000e+01 1.406292e+00 1.000000e+00
8.484966e-04 4.241430e+09 5.520176e-01 1.320000e+01 1.443911e+00 1.000000e+00
9.163763e-04 4.397601e+09 5.723430e-01 1.311000e+01 1.480486e+00 1.000000e+00
9.896864e-04 4.562989e+09 5.938681e-01 1.301000e+01 1.515860e+00 1.000000e+00
1.068861e-03 4.739726e+09 6.168703e-01 1.292000e+01 1.549854e+00 1.000000e+00
1.154370e-03 4.929652e+09 6.415889e-01 1.283000e+01 1.582336e+00 1.000000e+00
1.246720e-03 5.135530e+09 6.683838e-01 1.274000e+01 1.613101e+00 1.000000e+00
1.346457e-03 5.355480e+09 6.970100e-01 1.265000e+01 1.642054e+00 1.000000e+00
1.454174e-03 5.588646e+09 7.273563e-01 1.255000e+01 1.669086e+00 1.000000e+00
1.570508e-03 5.838807e+09 7.599145e-01 1.246000e+01 1.694122e+00 1.000000e+00
1.696149e-03 6.116262e+09 7.960249e-01 1.237000e+01 1.717091e+00 1.000000e+00
1.831841e-03 6.402250e+09 8.332459e-01 1.227000e+01 1.737919e+00 1.000000e+00
1.978388e-03 6.718010e+09 8.743417e-01 1.218000e+01 1.756592e+00 1.000000e+00
2.136659e-03 7.051358e+09 9.177267e-01 1.208000e+01 1.773098e+00 1.000000e+00
2.307591e-03 7.419967e+09 9.657008e-01 1.198000e+01 1.787405e+00 1.000000e+00
2.492199e-03 7.812117e+09 1.016739e+00 1.189000e+01 1.799555e+00 1.000000e+00
2.691575e-03 8.249306e+09 1.073638e+00 1.179000e+01 1.809578e+00 1.000000e+00
2.906901e-03 8.684862e+09 1.130325e+00 1.169000e+01 1.817493e+00 1.000000e+00
3.139453e-03 9.180478e+09 1.194829e+00 1.159000e+01 1.823364e+00 1.000000e+00
3.390609e-03 9.707800e+09 1.263460e+00 1.148000e+01 1.827258e+00 1.000000e+00
3.661858e-03 1.028198e+10 1.338188e+00 1.138000e+01 1.829250e+00 1.000000e+00
3.954806e-03 1.089319e+10 1.417737e+00 1.128000e+01 1.829406e+00 1.000000e+00
4.271191e-03 1.155982e+10 1.504498e+00 1.118000e+01 1.827817e+00 0.000000e+00
4.612886e-03 1.228553e+10 1.598948e+00 1.108000e+01 1.824571e+00 0.000000e+00
4.981917e-03 1.305282e+10 1.698811e+00 1.097000e+01 1.819759e+00 0.000000e+00
5.380470e-03 1.389194e+10 1.808021e+00 1.087000e+01 1.813479e+00 0.000000e+00
5.810908e-03 1.479066e+10 1.924988e+00 1.077000e+01 1.805828e+00 0.000000e+00
6.275781e-03 1.576359e+10 2.051614e+00 1.067000e+01 1.796903e+00 0.000000e+00
6.777843e-03 1.682332e+10 2.189537e+00 1.057000e+01 1.786803e+00 0.000000e+00
7.320070e-03 1.796179e+10 2.337708e+00 1.048000e+01 1.775628e+00 0.000000e+00
7.905676e-03 1.919640e+10 2.498391e+00 1.038000e+01 1.763472e+00 0.000000e+00
8.538130e-03 2.052962e+10 2.671907e+00 1.028000e+01 1.750430e+00 0.000000e+00
9.221181e-03 2.196675e+10 2.858949e+00 1.019000e+01 1.736598e+00 0.000000e+00
9.958875e-03 2.352282e+10 3.061470e+00 1.010000e+01 1.722064e+00 0.000000e+00
1.075559e-02 2.521138e+10 3.281234e+00 1.001000e+01 1.706920e+00 0.000000e+00
1.161603e-02 2.703251e+10 3.518252e+00 9.920000e+00 1.691248e+00 0.000000e+00
1.254531e-02 2.900098e+10 3.774446e+00 9.840000e+00 1.675134e+00 0.000000e+00
1.354894e-02 3.113696e+10 4.052441e+00 9.760000e+00 1.658655e+00 0.000000e+00
1.463285e-02 3.344689e+10 4.353077e+00 9.680000e+00 1.641887e+00 0.000000e+00
1.580348e-02 3.594154e+10 4.677753e+00 9.600000e+00 1.624904e+00 0.000000e+00
1.706776e-02 3.864383e+10 5.029453e+00 9.530000e+00 1.607775e+00 0.000000e+00
1.843318e-02 4.156885e+10 5.410142e+00 9.460000e+00 1.590567e+00 0.000000e+00
1.990784e-02 4.473480e+10 5.822186e+00 9.390000e+00 1.573340e+00 0.000000e+00
2.150046e-02 4.816074e+10 6.268069e+00 9.330000e+00 1.556158e+00 0.000000e+00
2.322050e-02 5.186657e+10 6.750378e+00 9.270000e+00 1.539074e+00 0.000000e+00
2.507814e-02 5.587887e+10 7.272575e+00 9.210000e+00 1.522142e+00 0.000000e+00
2.708439e-02 6.043780e+10 7.865915e+00 9.160000e+00 1.505458e+00 0.000000e+00
2.925114e-02 6.551064e+10 8.526139e+00 9.110000e+00 1.489172e+00 0.000000e+00
3.159124e-02 7.095628e+10 9.234883e+00 9.060000e+00 1.473296e+00 0.000000e+00
3.411853e-02 7.696220e+10 1.001655e+01 9.020000e+00 1.457847e+00 0.000000e+00
3.684802e-02 8.327097e+10 1.083763e+01 8.990000e+00 1.442850e+00 0.000000e+00
