# source=B  g_Δ=2.5g
# integrator=rk4  rstep_km=0.01
# columns=Pc_dimless epsilon_c_mev4 epsilon_c_gev_fm3 radius_km mass_msun stable_flag
7.848950e-09 3.656061e+06 4.758324e-04 3.000000e+01 3.857724e-02 1.000000e+00
8.476866e-09 3.826454e+06 4.980088e-04 3.000000e+01 3.996891e-02 1.000000e+00
9.155015e-09 4.011034e+06 5.220318e-04 3.000000e+01 4.144488e-02 1.000000e+00
9.887417e-09 4.210936e+06 5.480487e-04 3.000000e+01 4.300778e-02 1.000000e+00
1.067841e-08 4.427353e+06 5.762153e-04 3.000000e+01 4.465995e-02 1.000000e+00
1.153268e-08 4.661543e+06 6.066948e-04 3.000000e+01 4.640341e-02 1.000000e+00
1.245530e-08 4.914811e+06 6.396573e-04 3.000000e+01 4.823977e-02 1.000000e+00
1.345172e-08 5.188497e+06 6.752773e-04 3.000000e+01 5.017023e-02 1.000000e+00
1.452786e-08 5.483956e+06 7.137310e-04 3.000000e+01 5.219556e-02 1.000000e+00
1.569009e-08 5.802524e+06 7.551923e-04 3.000000e+01 5.431614e-02 1.000000e+00
1.694529e-08 6.145478e+06 7.998273e-04 3.000000e+01 5.653193e-02 1.000000e+00
1.830092e-08 6.513974e+06 8.477867e-04 3.000000e+01 5.884265e-02 1.000000e+00
1.976499e-08 6.908972e+06 8.991953e-04 3.000000e+01 6.124784e-02 1.000000e+00
2.134619e-08 7.331126e+06 9.541382e-04 3.000000e+01 6.374713e-02 1.000000e+00
2.305389e-08 7.780650e+06 1.012643e-03 3.000000e+01 6.634046e-02 1.000000e+00
2.489820e-08 8.257130e+06 1.074657e-03 3.000000e+01 6.902855e-02 1.000000e+00
2.689005e-08 8.759285e+06 1.140011e-03 3.000000e+01 7.181336e-02 1.000000e+00
2.904126e-08 9.284659e+06 1.208388e-03 3.000000e+01 7.469881e-02 1.000000e+00
3.136456e-08 9.829214e+06 1.279262e-03 3.000000e+01 7.769169e-02 1.000000e+00
3.387372e-08 1.038765e+07 1.351942e-03 3.000000e+01 8.080265e-02 1.000000e+00
3.658362e-08 1.095665e+07 1.425996e-03 3.000000e+01 8.404514e-02 1.000000e+00
3.951031e-08 1.153334e+07 1.501052e-03 3.000000e+01 8.743376e-02 1.000000e+00
4.267113e-08 1.211458e+07 1.576699e-03 3.000000e+01 9.098477e-02 1.000000e+00
4.608483e-08 1.269694e+07 1.652493e-03 3.000000e+01 9.471645e-02 1.000000e+00
4.977161e-08 1.327695e+07 1.727981e-03 3.000000e+01 9.864942e-02 1.000000e+00
5.375334e-08 1.385128e+07 1.802729e-03 3.000000e+01 1.028067e-01 1.000000e+00
5.805361e-08 1.441712e+07 1.876373e-03 3.000000e+01 1.072133e-01 1.000000e+00
6.269790e-08 1.497269e+07 1.948680e-03 3.000000e+01 1.118960e-01 1.000000e+00
6.771373e-08 1.551792e+07 2.019641e-03 3.000000e+01 1.168812e-01 1.000000e+00
7.313083e-08 1.605549e+07 2.089604e-03 3.000000e+01 1.221933e-01 1.000000e+00
7.898129e-08 1.659213e+07 2.159448e-03 3.000000e+01 1.278499e-01 1.000000e+00
8.529980e-08 1.714047e+07 2.230814e-03 3.000000e+01 1.338566e-01 1.000000e+00
9.212378e-08 1.772146e+07 2.306429e-03 3.000000e+01 1.401989e-01 1.000000e+00
9.949368e-08 1.836288e+07 2.389909e-03 3.000000e+01 1.468327e-01 1.000000e+00
1.074532e-07 1.907743e+07 2.482907e-03 3.000000e+01 1.536953e-01 1.000000e+00
1.160494e-07 1.987086e+07 2.586172e-03 3.000000e+01 1.607258e-01 1.000000e+00
1.253334e-07 2.074840e+07 2.700382e-03 3.000000e+01 1.678704e-01 1.000000e+00
1.353601e-07 2.171428e+07 2.826090e-03 3.000000e+01 1.750847e-01 1.000000e+00
1.461889e-07 2.277111e+07 2.963636e-03 3.000000e+01 1.823357e-01 1.000000e+00
1.578840e-07 2.391906e+07 3.113039e-03 3.000000e+01 1.896036e-01 1.000000e+00
1.705147e-07 2.515464e+07 3.273849e-03 3.000000e+01 1.968832e-01 1.000000e+00
1.841559e-07 2.646925e+07 3.444944e-03 3.000000e+01 2.041846e-01 1.000000e+00
1.988883e-07 2.785065e+07 3.624733e-03 3.000000e+01 2.115338e-01 1.000000e+00
2.147994e-07 2.929642e+07 3.812897e-03 3.000000e+01 2.189645e-01 1.000000e+00
2.319833e-07 3.080786e+07 4.009610e-03 3.000000e+01 2.265088e-01 1.000000e+00
2.505420e-07 3.238675e+07 4.215101e-03 3.000000e+01 2.341959e-01 1.000000e+00
2.705854e-07 3.403571e+07 4.429711e-03 3.000000e+01 2.420523e-01 1.000000e+00
2.922322e-07 3.575867e+07 4.653953e-03 3.000000e+01 2.501014e-01 1.000000e+00
3.156108e-07 3.756160e+07 4.888602e-03 3.000000e+01 2.583628e-01 1.000000e+00
3.408596e-07 3.945280e+07 5.134740e-03 3.000000e+01 2.668510e-01 1.000000e+00
3.681284e-07 4.143864e+07 5.393194e-03 3.000000e+01 2.755766e-01 1.000000e+00
3.975787e-07 4.352500e+07 5.664732e-03 3.000000e+01 2.845479e-01 1.000000e+00
4.293850e-07 4.571995e+07 5.950402e-03 3.000000e+01 2.937707e-01 1.000000e+00
4.637358e-07 4.803474e+07 6.251670e-03 3.000000e+01 3.032465e-01 1.000000e+00
5.008346e-07 5.048513e+07 6.570585e-03 3.000000e+01 3.129707e-01 1.000000e+00
5.409014e-07 5.309208e+07 6.909878e-03 3.000000e+01 3.229302e-01 1.000000e+00
5.841735e-07 5.587403e+07 7.271946e-03 3.000000e+01 3.331035e-01 1.000000e+00
6.309074e-07 5.884898e+07 7.659132e-03 3.000000e+01 3.434647e-01 1.000000e+00
6.813800e-07 6.203948e+07 8.074372e-03 3.000000e+01 3.539824e-01 1.000000e+00
7.358904e-07 6.547418e+07 8.521395e-03 3.000000e+01 3.646177e-01 1.000000e+00
7.947616e-07 6.918799e+07 9.004743e-03 3.000000e+01 3.753229e-01 1.000000e+00
8.583426e-07 7.319463e+07 9.526203e-03 3.000000e+01 3.860459e-01 1.000000e+00
9.270100e-07 7.747860e+07 1.008376e-02 3.000000e+01 3.967495e-01 1.000000e+00
1.001171e-06 8.200599e+07 1.067299e-02 3.000000e+01 4.074197e-01 1.000000e+00
1.081264e-06 8.671816e+07 1.128628e-02 3.000000e+01 4.180713e-01 1.000000e+00
1.167766e-06 9.154480e+07 1.191446e-02 3.000000e+01 4.287524e-01 1.000000e+00
1.261187e-06 9.648362e+07 1.255724e-02 3.000000e+01 4.395247e-01 1.000000e+00
1.362082e-06 1.015683e+08 1.321900e-02 3.000000e+01 4.504351e-01 1.000000e+00
1.471048e-06 1.068573e+08 1.390737e-02 3.000000e+01 4.615079e-01 1.000000e+00
1.588732e-06 1.124364e+08 1.463348e-02 3.000000e+01 4.727365e-01 1.000000e+00
1.715831e-06 1.183555e+08 1.540384e-02 3.000000e+01 4.840888e-01 1.000000e+00
1.853097e-06 1.246405e+08 1.622183e-02 3.000000e+01 4.955266e-01 1.000000e+00
2.001345e-06 1.313232e+08 1.709158e-02 3.000000e+01 5.070096e-01 1.000000e+00
2.161453e-06 1.384445e+08 1.801840e-02 3.000000e+01 5.184933e-01 1.000000e+00
2.334369e-06 1.460600e+08 1.900956e-02 3.000000e+01 5.299263e-01 1.000000e+00
2.521118e-06 1.542439e+08 2.007468e-02 3.000000e+01 5.412471e-01 1.000000e+00
2.722808e-06 1.630890e+08 2.122586e-02 3.000000e+01 5.523809e-01 1.000000e+00
2.940632e-06 1.726030e+08 2.246410e-02 3.000000e+01 5.632490e-01 1.000000e+00
3.175883e-06 1.826574e+08 2.377267e-02 3.000000e+01 5.738073e-01 1.000000e+00
3.429954e-06 1.930318e+08 2.512288e-02 3.000000e+01 5.840669e-01 1.000000e+00
3.704350e-06 2.033224e+08 2.646220e-02 3.000000e+01 5.941106e-01 1.000000e+00
4.000698e-06 2.128227e+08 2.769864e-02 3.000000e+01 6.041371e-01 1.000000e+00
4.320754e-06 2.205267e+08 2.870131e-02 3.000000e+01 6.145213e-01 1.000000e+00
4.666414e-06 2.268899e+08 2.952947e-02 3.000000e+01 6.257877e-01 1.000000e+00
5.039727e-06 2.360946e+08 3.072746e-02 3.000000e+01 6.379602e-01 1.000000e+00
5.442905e-06 2.541951e+08 3.308322e-02 3.000000e+01 6.498130e-01 1.000000e+00
5.878338e-06 2.798737e+08 3.642527e-02 3.000000e+01 6.595940e-01 1.000000e+00
6.348605e-06 3.025286e+08 3.937377e-02 3.000000e+01 6.672027e-01 1.000000e+00
6.856493e-06 3.138207e+08 4.084343e-02 3.000000e+01 6.740835e-01 1.000000e+00
7.405013e-06 3.216225e+08 4.185882e-02 3.000000e+01 6.815883e-01 1.000000e+00
7.997414e-06 3.409282e+08 4.437144e-02 3.000000e+01 6.895771e-01 1.000000e+00
8.637207e-06 3.767644e+08 4.903549e-02 3.000000e+01 6.962624e-01 1.000000e+00
9.328183e-06 4.168710e+08 5.425532e-02 3.000000e+01 7.007247e-01 1.000000e+00
1.007444e-05 4.504139e+08 5.862089e-02 3.000000e+01 7.034548e-01 1.000000e+00
1.088039e-05 4.726770e+08 6.151841e-02 3.000000e+01 7.052435e-01 1.000000e+00
1.175082e-05 4.798433e+08 6.245109e-02 3.000000e+01 7.069749e-01 1.000000e+00
1.269089e-05 4.814343e+08 6.265815e-02 3.000000e+01 7.096745e-01 1.000000e+00
1.370616e-05 4.967598e+08 6.465275e-02 3.000000e+01 7.137857e-01 1.000000e+00
1.480265e-05 5.289398e+08 6.884095e-02 3.000000e+01 7.184885e-01 1.000000e+00
1.598687e-05 5.672875e+08 7.383186e-02 2.999000e+01 7.228660e-01 1.000000e+00
1.726582e-05 6.057610e+08 7.883914e-02 2.962000e+01 7.260007e-01 1.000000e+00
1.864708e-05 6.413193e+08 8.346702e-02 2.927000e+01 7.288296e-01 1.000000e+00
2.013885e-05 6.735392e+08 8.766041e-02 2.891000e+01 7.315269e-01 1.000000e+00
2.174996e-05 7.026054e+08 9.144334e-02 2.855000e+01 7.343760e-01 1.000000e+00
2.348995e-05 7.251291e+08 9.437477e-02 2.816000e+01 7.376667e-01 1.000000e+00
2.536915e-05 7.466512e+08 9.717585e-02 2.776000e+01 7.419270e-01 1.000000e+00
2.739868e-05 7.935562e+08 1.032805e-01 2.735000e+01 7.469181e-01 1.000000e+00
2.959058e-05 8.570008e+08 1.115377e-01 2.698000e+01 7.515217e-01 1.000000e+00
3.195782e-05 9.035845e+08 1.176006e-01 2.663000e+01 7.555818e-01 1.000000e+00
3.451445e-05 9.298402e+08 1.210177e-01 2.627000e+01 7.598698e-01 1.000000e+00
3.727560e-05 9.537808e+08 1.241335e-01 2.588000e+01 7.651817e-01 1.000000e+00
4.025765e-05 9.999404e+08 1.301412e-01 2.548000e+01 7.714620e-01 1.000000e+00
4.347826e-05 1.063677e+09 1.384365e-01 2.510000e+01 7.779186e-01 1.000000e+00
4.695652e-05 1.122045e+09 1.460329e-01 2.474000e+01 7.841562e-01 1.000000e+00
5.071305e-05 1.161447e+09 1.511610e-01 2.438000e+01 7.906699e-01 1.000000e+00
5.477009e-05 1.195381e+09 1.555776e-01 2.400000e+01 7.981695e-01 1.000000e+00
5.915170e-05 1.246535e+09 1.622352e-01 2.362000e+01 8.066695e-01 1.000000e+00
6.388383e-05 1.300481e+09 1.692562e-01 2.325000e+01 8.158051e-01 1.000000e+00
6.899454e-05 1.353063e+09 1.760997e-01 2.288000e+01 8.256113e-01 1.000000e+00
7.451410e-05 1.403284e+09 1.826359e-01 2.251000e+01 8.362353e-01 1.000000e+00
8.047523e-05 1.451956e+09 1.889705e-01 2.215000e+01 8.478798e-01 1.000000e+00
8.691325e-05 1.500190e+09 1.952481e-01 2.179000e+01 8.607347e-01 1.000000e+00
9.386631e-05 1.568027e+09 2.040770e-01 2.143000e+01 8.745032e-01 1.000000e+00
1.013756e-04 1.630464e+09 2.122032e-01 2.109000e+01 8.888094e-01 1.000000e+00
1.094857e-04 1.685525e+09 2.193693e-01 2.075000e+01 9.040619e-01 1.000000e+00
1.182445e-04 1.736938e+09 2.260606e-01 2.042000e+01 9.205828e-01 1.000000e+00
1.277041e-04 1.798549e+09 2.340792e-01 2.009000e+01 9.384333e-01 1.000000e+00
1.379204e-04 1.858932e+09 2.419379e-01 1.978000e+01 9.573356e-01 1.000000e+00
1.489540e-04 1.909732e+09 2.485496e-01 1.946000e+01 9.777230e-01 1.000000e+00
1.608704e-04 1.986010e+09 2.584771e-01 1.916000e+01 9.993419e-01 1.000000e+00
1.737400e-04 2.028158e+09 2.639626e-01 1.887000e+01 1.022167e+00 1.000000e+00
1.876392e-04 2.111881e+09 2.748591e-01 1.859000e+01 1.046831e+00 1.000000e+00
2.026503e-04 2.172560e+09 2.827564e-01 1.832000e+01 1.071821e+00 1.000000e+00
2.188623e-04 2.235620e+09 2.909635e-01 1.805000e+01 1.098622e+00 1.000000e+00
2.363713e-04 2.288937e+09 2.979026e-01 1.780000e+01 1.126929e+00 1.000000e+00
2.552810e-04 2.379708e+09 3.097164e-01 1.756000e+01 1.156834e+00 1.000000e+00
2.757035e-04 2.431611e+09 3.164716e-01 1.732000e+01 1.187762e+00 1.000000e+00
2.977598e-04 2.500163e+09 3.253935e-01 1.710000e+01 1.219684e+00 1.000000e+00
3.215806e-04 2.582028e+09 3.360482e-01 1.688000e+01 1.252967e+00 1.000000e+00
3.473070e-04 2.649954e+09 3.448887e-01 1.668000e+01 1.287568e+00 1.000000e+00
3.750916e-04 2.729259e+09 3.552101e-01 1.648000e+01 1.323036e+00 1.000000e+00
4.050989e-04 2.806499e+09 3.652628e-01 1.629000e+01 1.359538e+00 1.000000e+00
4.375068e-04 2.890401e+09 3.761826e-01 1.611000e+01 1.396738e+00 1.000000e+00
4.725074e-04 2.976329e+09 3.873661e-01 1.594000e+01 1.434578e+00 1.000000e+00
5.103080e-04 3.069876e+09 3.995411e-01 1.578000e+01 1.472864e+00 1.000000e+00
5.511326e-04 3.167117e+09 4.121969e-01 1.562000e+01 1.511386e+00 1.000000e+00
5.952232e-04 3.265888e+09 4.250518e-01 1.547000e+01 1.550051e+00 1.000000e+00
6.428411e-04 3.371919e+09 4.388516e-01 1.532000e+01 1.588272e+00 1.000000e+00
6.942684e-04 3.491119e+09 4.543654e-01 1.518000e+01 1.626297e+00 1.000000e+00
7.498098e-04 3.614074e+09 4.703679e-01 1.504000e+01 1.663664e+00 1.000000e+00
8.097946e-04 3.739021e+09 4.866295e-01 1.491000e+01 1.700171e+00 1.000000e+00
8.745782e-04 3.877661e+09 5.046734e-01 1.478000e+01 1.735709e+00 1.000000e+00
9.445445e-04 4.025280e+09 5.238859e-01 1.465000e+01 1.769954e+00 1.000000e+00
1.020108e-03 4.176595e+09 5.435794e-01 1.453000e+01 1.802767e+00 1.000000e+00
1.101717e-03 4.365836e+09 5.682089e-01 1.440000e+01 1.833978e+00 1.000000e+00
1.189854e-03 4.535792e+09 5.903284e-01 1.428000e+01 1.863300e+00 1.000000e+00
1.285042e-03 4.724215e+09 6.148515e-01 1.416000e+01 1.890907e+00 1.000000e+00
1.387846e-03 4.951090e+09 6.443790e-01 1.404000e+01 1.916247e+00 1.000000e+00
1.498873e-03 5.174163e+09 6.734118e-01 1.392000e+01 1.939471e+00 1.000000e+00
1.618783e-03 5.417039e+09 7.050218e-01 1.380000e+01 1.960515e+00 1.000000e+00
1.748286e-03 5.685867e+09 7.400095e-01 1.368000e+01 1.979263e+00 1.000000e+00
1.888149e-03 5.974171e+09 7.775320e-01 1.356000e+01 1.995696e+00 1.000000e+00
2.039201e-03 6.275486e+09 8.167478e-01 1.344000e+01 2.009823e+00 1.000000e+00
2.202337e-03 6.615733e+09 8.610305e-01 1.332000e+01 2.021567e+00 1.000000e+00
2.378524e-03 6.968629e+09 9.069596e-01 1.320000e+01 2.031066e+00 1.000000e+00
2.568806e-03 7.370836e+09 9.593063e-01 1.308000e+01 2.038207e+00 1.000000e+00
2.774310e-03 7.794109e+09 1.014395e+00 1.296000e+01 2.043141e+00 1.000000e+00
2.996255e-03 8.250306e+09 1.073768e+00 1.284000e+01 2.045923e+00 1.000000e+00
3.235955e-03 8.749467e+09 1.138734e+00 1.272000e+01 2.046627e+00 1.000000e+00
3.494832e-03 9.280290e+09 1.207820e+00 1.261000e+01 2.045336e+00 0.000000e+00
3.774418e-03 9.863710e+09 1.283751e+00 1.249000e+01 2.042141e+00 0.000000e+00
4.076371e-03 1.048710e+10 1.364885e+00 1.237000e+01 2.037144e+00 0.000000e+00
4.402481e-03 1.116523e+10 1.453142e+00 1.226000e+01 2.030455e+00 0.000000e+00
4.754680e-03 1.189748e+10 1.548444e+00 1.214000e+01 2.022177e+00 0.000000e+00
5.135054e-03 1.269420e+10 1.652137e+00 1.203000e+01 2.012430e+00 0.000000e+00
5.545858e-03 1.355517e+10 1.764191e+00 1.191000e+01 2.001319e+00 0.000000e+00
5.989527e-03 1.448582e+10 1.885314e+00 1.180000e+01 1.988965e+00 0.000000e+00
6.468689e-03 1.549502e+10 2.016660e+00 1.170000e+01 1.975482e+00 0.000000e+00
6.986184e-03 1.658756e+10 2.158853e+00 1.159000e+01 1.960973e+00 0.000000e+00
7.545079e-03 1.777050e+10 2.312812e+00 1.149000e+01 1.945556e+00 0.000000e+00
8.148685e-03 1.905103e+10 2.479471e+00 1.138000e+01 1.929331e+00 0.000000e+00
8.800580e-03 2.043761e+10 2.659933e+00 1.129000e+01 1.912411e+00 0.000000e+00
9.504627e-03 2.193941e+10 2.855391e+00 1.119000e+01 1.894888e+00 0.000000e+00
1.026500e-02 2.356714e+10 3.067238e+00 1.110000e+01 1.876866e+00 0.000000e+00
1.108620e-02 2.532604e+10 3.296157e+00 1.101000e+01 1.858434e+00 0.000000e+00
1.197309e-02 2.723289e+10 3.544331e+00 1.092000e+01 1.839681e+00 0.000000e+00
1.293094e-02 2.929641e+10 3.812897e+00 1.084000e+01 1.820694e+00 0.000000e+00
1.396541e-02 3.153073e+10 4.103690e+00 1.076000e+01 1.801553e+00 0.000000e+00
1.508265e-02 3.394991e+10 4.418545e+00 1.068000e+01 1.782334e+00 0.000000e+00
1.628926e-02 3.656888e+10 4.759400e+00 1.061000e+01 1.763111e+00 0.000000e+00
1.759240e-02 4.176605e+10 5.435806e+00 1.055000e+01 1.745396e+00 0.000000e+00
1.899979e-02 4.291303e+10 5.585085e+00 1.048000e+01 1.726330e+00 0.000000e+00
2.051978e-02 4.652683e+10 6.055417e+00 1.043000e+01 1.707581e+00 0.000000e+00
2.216136e-02 5.045212e+10 6.566290e+00 1.037000e+01 1.689260e+00 0.000000e+00
2.393427e-02 5.471602e+10 7.121231e+00 1.032000e+01 1.671368e+00 0.000000e+00
2.584901e-02 5.932198e+10 7.720692e+00 1.028000e+01 1.653928e+00 0.000000e+00
2.791693e-02 6.426778e+10 8.364382e+00 1.024000e+01 1.636968e+00 0.000000e+00
3.015028e-02 6.962643e+10 9.061805e+00 1.020000e+01 1.620513e+00 0.000000e+00
3.256231e-02 7.542554e+10 9.816552e+00 1.017000e+01 1.604601e+00 0.000000e+00
3.516729e-02 8.171392e+10 1.063498e+01 1.015000e+01 1.589261e+00 0.000000e+00
3.798067e-02 8.854431e+10 1.152395e+01 1.013000e+01 1.574523e+00 0.000000e+00
