# pipeline=quark_stars
# construction=with_maxwell
# m_sigma_mev=600.000000
# units=chemical potentials and sigma in MeV; densities in fm^-3; pressure and energy density in GeV fm^-3
# B0_mev4=5.806289137042e+08
# B0_gev_fm3=7.556822962283e-02
# B_mev4=0.000000000000e+00
# B_gev_fm3=0.000000000000e+00
# B_1_4_mev=0.000000
# columns=mu_u_mev mu_d_mev mu_e_mev sigma_mev constituent_mass_mev n_u_fm-3 n_d_fm-3 n_e_fm-3 n_B_fm-3 pressure_gev_fm-3 energy_density_gev_fm-3
3.023e+02 3.040e+02 1.718e+00 9.279e+01 2.993e+02 9.846e-04 1.969e-03 1.940e-08 9.846e-04 3.808e-06 8.924e-04
3.033e+02 3.059e+02 2.680e+00 9.258e+01 2.986e+02 1.933e-03 3.866e-03 8.007e-08 1.933e-03 1.091e-05 1.758e-03
3.040e+02 3.075e+02 3.488e+00 9.238e+01 2.980e+02 2.886e-03 5.771e-03 1.805e-07 2.885e-03 2.017e-05 2.632e-03
3.046e+02 3.088e+02 4.207e+00 9.217e+01 2.973e+02 3.842e-03 7.683e-03 3.201e-07 3.841e-03 3.110e-05 3.512e-03
3.051e+02 3.100e+02 4.867e+00 9.197e+01 2.967e+02 4.801e-03 9.600e-03 4.985e-07 4.800e-03 4.339e-05 4.397e-03
3.056e+02 3.111e+02 5.484e+00 9.176e+01 2.960e+02 5.762e-03 1.152e-02 7.154e-07 5.762e-03 5.683e-05 5.288e-03
3.060e+02 3.120e+02 6.066e+00 9.156e+01 2.953e+02 6.726e-03 1.345e-02 9.705e-07 6.725e-03 7.125e-05 6.183e-03
3.063e+02 3.129e+02 6.620e+00 9.135e+01 2.947e+02 7.692e-03 1.538e-02 1.264e-06 7.691e-03 8.654e-05 7.082e-03
3.066e+02 3.137e+02 7.150e+00 9.115e+01 2.940e+02 8.660e-03 1.731e-02 1.595e-06 8.658e-03 1.026e-04 7.985e-03
3.069e+02 3.145e+02 7.661e+00 9.094e+01 2.934e+02 9.629e-03 1.925e-02 1.963e-06 9.627e-03 1.193e-04 8.891e-03
3.071e+02 3.153e+02 8.155e+00 9.074e+01 2.927e+02 1.060e-02 2.119e-02 2.370e-06 1.060e-02 1.366e-04 9.800e-03
3.073e+02 3.160e+02 8.633e+00 9.053e+01 2.920e+02 1.157e-02 2.314e-02 2.813e-06 1.157e-02 1.545e-04 1.071e-02
3.075e+02 3.166e+02 9.098e+00 9.033e+01 2.914e+02 1.255e-02 2.508e-02 3.294e-06 1.254e-02 1.728e-04 1.163e-02
3.077e+02 3.173e+02 9.550e+00 9.012e+01 2.907e+02 1.352e-02 2.703e-02 3.812e-06 1.352e-02 1.916e-04 1.254e-02
3.079e+02 3.179e+02 9.992e+00 8.992e+01 2.900e+02 1.450e-02 2.898e-02 4.367e-06 1.449e-02 2.108e-04 1.346e-02
3.080e+02 3.184e+02 1.042e+01 8.971e+01 2.894e+02 1.548e-02 3.094e-02 4.960e-06 1.547e-02 2.303e-04 1.439e-02
3.081e+02 3.190e+02 1.085e+01 8.951e+01 2.887e+02 1.645e-02 3.289e-02 5.589e-06 1.645e-02 2.501e-04 1.531e-02
3.083e+02 3.195e+02 1.126e+01 8.930e+01 2.881e+02 1.743e-02 3.485e-02 6.255e-06 1.743e-02 2.702e-04 1.624e-02
3.084e+02 3.200e+02 1.167e+01 8.910e+01 2.874e+02 1.841e-02 3.681e-02 6.958e-06 1.841e-02 2.906e-04 1.717e-02
3.085e+02 3.205e+02 1.206e+01 8.889e+01 2.867e+02 1.939e-02 3.877e-02 7.698e-06 1.939e-02 3.112e-04 1.810e-02
3.086e+02 3.210e+02 1.246e+01 8.868e+01 2.861e+02 2.038e-02 4.073e-02 8.474e-06 2.037e-02 3.320e-04 1.903e-02
3.086e+02 3.215e+02 1.284e+01 8.848e+01 2.854e+02 2.136e-02 4.269e-02 9.287e-06 2.135e-02 3.530e-04 1.996e-02
3.087e+02 3.219e+02 1.322e+01 8.827e+01 2.848e+02 2.234e-02 4.465e-02 1.014e-05 2.233e-02 3.741e-04 2.090e-02
3.088e+02 3.224e+02 1.360e+01 8.807e+01 2.841e+02 2.333e-02 4.662e-02 1.102e-05 2.332e-02 3.954e-04 2.184e-02
3.088e+02 3.228e+02 1.396e+01 8.786e+01 2.834e+02 2.431e-02 4.859e-02 1.195e-05 2.430e-02 4.168e-04 2.277e-02
3.089e+02 3.232e+02 1.433e+01 8.766e+01 2.828e+02 2.530e-02 5.055e-02 1.290e-05 2.528e-02 4.384e-04 2.371e-02
3.089e+02 3.236e+02 1.469e+01 8.745e+01 2.821e+02 2.628e-02 5.252e-02 1.390e-05 2.627e-02 4.600e-04 2.465e-02
3.089e+02 3.240e+02 1.504e+01 8.725e+01 2.815e+02 2.727e-02 5.449e-02 1.493e-05 2.725e-02 4.817e-04 2.560e-02
3.090e+02 3.244e+02 1.539e+01 8.704e+01 2.808e+02 2.826e-02 5.646e-02 1.600e-05 2.824e-02 5.034e-04 2.654e-02
3.090e+02 3.247e+02 1.574e+01 8.684e+01 2.801e+02 2.924e-02 5.843e-02 1.710e-05 2.923e-02 5.253e-04 2.749e-02
3.090e+02 3.251e+02 1.608e+01 8.663e+01 2.795e+02 3.023e-02 6.041e-02 1.825e-05 3.021e-02 5.471e-04 2.843e-02
3.090e+02 3.254e+02 1.642e+01 8.643e+01 2.788e+02 3.122e-02 6.238e-02 1.942e-05 3.120e-02 5.690e-04 2.938e-02
3.090e+02 3.258e+02 1.675e+01 8.622e+01 2.781e+02 3.221e-02 6.435e-02 2.064e-05 3.219e-02 5.909e-04 3.033e-02
3.090e+02 3.261e+02 1.708e+01 8.602e+01 2.775e+02 3.319e-02 6.632e-02 2.189e-05 3.317e-02 6.128e-04 3.128e-02
2.938e+02 3.566e+02 6.283e+01 3.907e+01 1.260e+02 2.464e-01 4.895e-01 1.090e-03 2.453e-01 6.224e-03 2.408e-01
2.938e+02 3.567e+02 6.297e+01 3.886e+01 1.254e+02 2.472e-01 4.912e-01 1.097e-03 2.462e-01 6.291e-03 2.416e-01
2.938e+02 3.569e+02 6.310e+01 3.866e+01 1.247e+02 2.481e-01 4.929e-01 1.104e-03 2.470e-01 6.360e-03 2.425e-01
2.938e+02 3.570e+02 6.323e+01 3.845e+01 1.240e+02 2.490e-01 4.947e-01 1.111e-03 2.479e-01 6.429e-03 2.434e-01
2.938e+02 3.571e+02 6.337e+01 3.825e+01 1.234e+02 2.499e-01 4.964e-01 1.118e-03 2.488e-01 6.500e-03 2.443e-01
2.938e+02 3.573e+02 6.350e+01 3.804e+01 1.227e+02 2.508e-01 4.982e-01 1.125e-03 2.497e-01 6.573e-03 2.452e-01
2.938e+02 3.574e+02 6.363e+01 3.784e+01 1.221e+02 2.517e-01 4.999e-01 1.132e-03 2.505e-01 6.646e-03 2.460e-01
2.938e+02 3.576e+02 6.376e+01 3.763e+01 1.214e+02 2.525e-01 5.017e-01 1.140e-03 2.514e-01 6.721e-03 2.469e-01
2.938e+02 3.577e+02 6.390e+01 3.743e+01 1.207e+02 2.534e-01 5.034e-01 1.147e-03 2.523e-01 6.797e-03 2.478e-01
2.938e+02 3.579e+02 6.403e+01 3.722e+01 1.201e+02 2.543e-01 5.052e-01 1.154e-03 2.532e-01 6.874e-03 2.487e-01
2.938e+02 3.580e+02 6.416e+01 3.702e+01 1.194e+02 2.552e-01 5.069e-01 1.161e-03 2.541e-01 6.952e-03 2.496e-01
2.939e+02 3.581e+02 6.429e+01 3.681e+01 1.187e+02 2.561e-01 5.087e-01 1.168e-03 2.549e-01 7.032e-03 2.505e-01
2.939e+02 3.583e+02 6.442e+01 3.661e+01 1.181e+02 2.570e-01 5.105e-01 1.175e-03 2.558e-01 7.114e-03 2.514e-01
2.939e+02 3.584e+02 6.455e+01 3.640e+01 1.174e+02 2.579e-01 5.122e-01 1.182e-03 2.567e-01 7.196e-03 2.523e-01
2.939e+02 3.586e+02 6.468e+01 3.620e+01 1.168e+02 2.588e-01 5.140e-01 1.189e-03 2.576e-01 7.281e-03 2.532e-01
2.939e+02 3.588e+02 6.481e+01 3.599e+01 1.161e+02 2.597e-01 5.158e-01 1.197e-03 2.585e-01 7.366e-03 2.541e-01
2.940e+02 3.589e+02 6.494e+01 3.579e+01 1.154e+02 2.606e-01 5.176e-01 1.204e-03 2.594e-01 7.453e-03 2.550e-01
2.940e+02 3.591e+02 6.507e+01 3.558e+01 1.148e+02 2.615e-01 5.193e-01 1.211e-03 2.603e-01 7.542e-03 2.559e-01
2.940e+02 3.592e+02 6.520e+01 3.538e+01 1.141e+02 2.624e-01 5.211e-01 1.218e-03 2.612e-01 7.632e-03 2.568e-01
2.941e+02 3.594e+02 6.533e+01 3.517e+01 1.135e+02 2.633e-01 5.229e-01 1.225e-03 2.621e-01 7.724e-03 2.577e-01
2.941e+02 3.595e+02 6.546e+01 3.497e+01 1.128e+02 2.642e-01 5.247e-01 1.233e-03 2.630e-01 7.818e-03 2.586e-01
2.941e+02 3.597e+02 6.558e+01 3.476e+01 1.121e+02 2.651e-01 5.265e-01 1.240e-03 2.639e-01 7.913e-03 2.595e-01
2.942e+02 3.599e+02 6.571e+01 3.456e+01 1.115e+02 2.660e-01 5.283e-01 1.247e-03 2.648e-01 8.009e-03 2.605e-01
2.942e+02 3.600e+02 6.584e+01 3.435e+01 1.108e+02 2.669e-01 5.301e-01 1.254e-03 2.657e-01 8.108e-03 2.614e-01
2.942e+02 3.602e+02 6.597e+01 3.415e+01 1.101e+02 2.679e-01 5.319e-01 1.262e-03 2.666e-01 8.208e-03 2.623e-01
2.943e+02 3.604e+02 6.609e+01 3.394e+01 1.095e+02 2.688e-01 5.337e-01 1.269e-03 2.675e-01 8.310e-03 2.632e-01
2.943e+02 3.606e+02 6.622e+01 3.374e+01 1.088e+02 2.697e-01 5.356e-01 1.276e-03 2.684e-01 8.414e-03 2.642e-01
2.944e+02 3.607e+02 6.635e+01 3.353e+01 1.082e+02 2.706e-01 5.374e-01 1.284e-03 2.693e-01 8.520e-03 2.651e-01
2.944e+02 3.609e+02 6.648e+01 3.333e+01 1.075e+02 2.716e-01 5.392e-01 1.291e-03 2.703e-01 8.627e-03 2.660e-01
2.945e+02 3.611e+02 6.660e+01 3.312e+01 1.068e+02 2.725e-01 5.411e-01 1.299e-03 2.712e-01 8.737e-03 2.670e-01
2.945e+02 3.613e+02 6.673e+01 3.292e+01 1.062e+02 2.734e-01 5.429e-01 1.306e-03 2.721e-01 8.848e-03 2.679e-01
2.946e+02 3.614e+02 6.686e+01 3.271e+01 1.055e+02 2.744e-01 5.448e-01 1.313e-03 2.730e-01 8.962e-03 2.688e-01
2.946e+02 3.616e+02 6.698e+01 3.251e+01 1.049e+02 2.753e-01 5.466e-01 1.321e-03 2.740e-01 9.078e-03 2.698e-01
2.947e+02 3.618e+02 6.711e+01 3.230e+01 1.042e+02 2.762e-01 5.485e-01 1.328e-03 2.749e-01 9.195e-03 2.707e-01
2.948e+02 3.620e+02 6.723e+01 3.210e+01 1.035e+02 2.772e-01 5.504e-01 1.336e-03 2.758e-01 9.315e-03 2.717e-01
2.948e+02 3.622e+02 6.736e+01 3.189e+01 1.029e+02 2.781e-01 5.522e-01 1.343e-03 2.768e-01 9.437e-03 2.727e-01
2.949e+02 3.624e+02 6.748e+01 3.169e+01 1.022e+02 2.791e-01 5.541e-01 1.351e-03 2.777e-01 9.562e-03 2.736e-01
2.950e+02 3.626e+02 6.761e+01 3.148e+01 1.015e+02 2.800e-01 5.560e-01 1.358e-03 2.787e-01 9.688e-03 2.746e-01
2.950e+02 3.628e+02 6.774e+01 3.128e+01 1.009e+02 2.810e-01 5.579e-01 1.366e-03 2.796e-01 9.817e-03 2.756e-01
2.951e+02 3.630e+02 6.786e+01 3.107e+01 1.002e+02 2.820e-01 5.598e-01 1.374e-03 2.806e-01 9.948e-03 2.765e-01
2.952e+02 3.632e+02 6.799e+01 3.087e+01 9.956e+01 2.829e-01 5.617e-01 1.381e-03 2.816e-01 1.008e-02 2.775e-01
2.953e+02 3.634e+02 6.811e+01 3.066e+01 9.890e+01 2.839e-01 5.637e-01 1.389e-03 2.825e-01 1.022e-02 2.785e-01
2.953e+02 3.636e+02 6.824e+01 3.046e+01 9.824e+01 2.849e-01 5.656e-01 1.396e-03 2.835e-01 1.036e-02 2.795e-01
2.954e+02 3.638e+02 6.836e+01 3.025e+01 9.758e+01 2.859e-01 5.675e-01 1.404e-03 2.845e-01 1.050e-02 2.805e-01
2.955e+02 3.640e+02 6.849e+01 3.004e+01 9.692e+01 2.869e-01 5.695e-01 1.412e-03 2.855e-01 1.064e-02 2.815e-01
2.956e+02 3.642e+02 6.861e+01 2.984e+01 9.626e+01 2.879e-01 5.715e-01 1.420e-03 2.864e-01 1.079e-02 2.825e-01
2.957e+02 3.644e+02 6.873e+01 2.963e+01 9.560e+01 2.889e-01 5.734e-01 1.427e-03 2.874e-01 1.094e-02 2.835e-01
2.958e+02 3.646e+02 6.886e+01 2.943e+01 9.494e+01 2.899e-01 5.754e-01 1.435e-03 2.884e-01 1.109e-02 2.846e-01
2.959e+02 3.649e+02 6.898e+01 2.922e+01 9.427e+01 2.909e-01 5.774e-01 1.443e-03 2.894e-01 1.125e-02 2.856e-01
2.960e+02 3.651e+02 6.911e+01 2.902e+01 9.361e+01 2.919e-01 5.794e-01 1.451e-03 2.904e-01 1.141e-02 2.866e-01
2.961e+02 3.653e+02 6.923e+01 2.881e+01 9.295e+01 2.929e-01 5.814e-01 1.459e-03 2.914e-01 1.157e-02 2.877e-01
2.962e+02 3.655e+02 6.936e+01 2.861e+01 9.229e+01 2.939e-01 5.835e-01 1.467e-03 2.925e-01 1.173e-02 2.887e-01
2.963e+02 3.658e+02 6.948e+01 2.840e+01 9.163e+01 2.950e-01 5.855e-01 1.474e-03 2.935e-01 1.190e-02 2.898e-01
2.964e+02 3.660e+02 6.961e+01 2.820e+01 9.097e+01 2.960e-01 5.876e-01 1.482e-03 2.945e-01 1.207e-02 2.908e-01
2.965e+02 3.662e+02 6.973e+01 2.799e+01 9.031e+01 2.970e-01 5.896e-01 1.490e-03 2.956e-01 1.225e-02 2.919e-01
2.966e+02 3.665e+02 6.986e+01 2.779e+01 8.964e+01 2.981e-01 5.917e-01 1.498e-03 2.966e-01 1.242e-02 2.930e-01
2.967e+02 3.667e+02 6.998e+01 2.758e+01 8.898e+01 2.992e-01 5.938e-01 1.507e-03 2.977e-01 1.260e-02 2.940e-01
2.969e+02 3.670e+02 7.011e+01 2.738e+01 8.832e+01 3.002e-01 5.959e-01 1.515e-03 2.987e-01 1.279e-02 2.951e-01
2.970e+02 3.672e+02 7.023e+01 2.717e+01 8.766e+01 3.013e-01 5.980e-01 1.523e-03 2.998e-01 1.298e-02 2.962e-01
2.971e+02 3.675e+02 7.036e+01 2.697e+01 8.700e+01 3.024e-01 6.002e-01 1.531e-03 3.009e-01 1.317e-02 2.973e-01
2.973e+02 3.677e+02 7.049e+01 2.676e+01 8.634e+01 3.035e-01 6.023e-01 1.539e-03 3.019e-01 1.337e-02 2.985e-01
2.974e+02 3.680e+02 7.061e+01 2.656e+01 8.568e+01 3.046e-01 6.045e-01 1.547e-03 3.030e-01 1.357e-02 2.996e-01
2.975e+02 3.683e+02 7.074e+01 2.635e+01 8.501e+01 3.057e-01 6.067e-01 1.556e-03 3.041e-01 1.377e-02 3.007e-01
2.977e+02 3.685e+02 7.086e+01 2.615e+01 8.435e+01 3.068e-01 6.089e-01 1.564e-03 3.052e-01 1.398e-02 3.019e-01
2.978e+02 3.688e+02 7.099e+01 2.594e+01 8.369e+01 3.079e-01 6.111e-01 1.572e-03 3.064e-01 1.419e-02 3.030e-01
2.980e+02 3.691e+02 7.112e+01 2.574e+01 8.303e+01 3.091e-01 6.134e-01 1.581e-03 3.075e-01 1.441e-02 3.042e-01
2.981e+02 3.694e+02 7.124e+01 2.553e+01 8.237e+01 3.102e-01 6.156e-01 1.589e-03 3.086e-01 1.463e-02 3.054e-01
2.983e+02 3.697e+02 7.137e+01 2.533e+01 8.171e+01 3.114e-01 6.179e-01 1.598e-03 3.098e-01 1.486e-02 3.066e-01
2.985e+02 3.700e+02 7.150e+01 2.512e+01 8.105e+01 3.125e-01 6.202e-01 1.607e-03 3.109e-01 1.509e-02 3.078e-01
2.986e+02 3.703e+02 7.163e+01 2.492e+01 8.038e+01 3.137e-01 6.226e-01 1.615e-03 3.121e-01 1.533e-02 3.090e-01
2.988e+02 3.706e+02 7.176e+01 2.471e+01 7.972e+01 3.149e-01 6.249e-01 1.624e-03 3.133e-01 1.557e-02 3.102e-01
2.990e+02 3.709e+02 7.188e+01 2.451e+01 7.906e+01 3.161e-01 6.273e-01 1.633e-03 3.145e-01 1.582e-02 3.114e-01
2.992e+02 3.712e+02 7.201e+01 2.430e+01 7.840e+01 3.173e-01 6.297e-01 1.641e-03 3.157e-01 1.607e-02 3.127e-01
2.993e+02 3.715e+02 7.214e+01 2.410e+01 7.774e+01 3.185e-01 6.321e-01 1.650e-03 3.169e-01 1.632e-02 3.139e-01
2.995e+02 3.718e+02 7.227e+01 2.389e+01 7.708e+01 3.198e-01 6.345e-01 1.659e-03 3.181e-01 1.659e-02 3.152e-01
2.997e+02 3.721e+02 7.240e+01 2.369e+01 7.642e+01 3.210e-01 6.370e-01 1.668e-03 3.193e-01 1.686e-02 3.165e-01
2.999e+02 3.725e+02 7.253e+01 2.348e+01 7.575e+01 3.223e-01 6.395e-01 1.677e-03 3.206e-01 1.713e-02 3.178e-01
3.001e+02 3.728e+02 7.267e+01 2.328e+01 7.509e+01 3.235e-01 6.420e-01 1.686e-03 3.218e-01 1.741e-02 3.191e-01
3.003e+02 3.731e+02 7.280e+01 2.307e+01 7.443e+01 3.248e-01 6.446e-01 1.696e-03 3.231e-01 1.770e-02 3.205e-01
3.005e+02 3.735e+02 7.293e+01 2.287e+01 7.377e+01 3.261e-01 6.471e-01 1.705e-03 3.244e-01 1.799e-02 3.218e-01
3.008e+02 3.738e+02 7.306e+01 2.266e+01 7.311e+01 3.274e-01 6.498e-01 1.714e-03 3.257e-01 1.829e-02 3.232e-01
3.010e+02 3.742e+02 7.320e+01 2.246e+01 7.245e+01 3.288e-01 6.524e-01 1.724e-03 3.271e-01 1.860e-02 3.246e-01
3.012e+02 3.746e+02 7.333e+01 2.225e+01 7.179e+01 3.301e-01 6.551e-01 1.733e-03 3.284e-01 1.891e-02 3.260e-01
3.015e+02 3.749e+02 7.347e+01 2.205e+01 7.112e+01 3.315e-01 6.578e-01 1.743e-03 3.298e-01 1.923e-02 3.274e-01
3.017e+02 3.753e+02 7.360e+01 2.184e+01 7.046e+01 3.329e-01 6.605e-01 1.753e-03 3.311e-01 1.956e-02 3.289e-01
3.019e+02 3.757e+02 7.374e+01 2.164e+01 6.980e+01 3.343e-01 6.633e-01 1.762e-03 3.325e-01 1.990e-02 3.304e-01
3.022e+02 3.761e+02 7.388e+01 2.143e+01 6.914e+01 3.357e-01 6.661e-01 1.772e-03 3.339e-01 2.025e-02 3.319e-01
3.025e+02 3.765e+02 7.402e+01 2.123e+01 6.848e+01 3.372e-01 6.690e-01 1.782e-03 3.354e-01 2.060e-02 3.334e-01
3.027e+02 3.769e+02 7.415e+01 2.102e+01 6.782e+01 3.386e-01 6.719e-01 1.792e-03 3.368e-01 2.096e-02 3.349e-01
3.030e+02 3.773e+02 7.430e+01 2.082e+01 6.716e+01 3.401e-01 6.748e-01 1.802e-03 3.383e-01 2.133e-02 3.365e-01
3.033e+02 3.777e+02 7.444e+01 2.061e+01 6.649e+01 3.416e-01 6.778e-01 1.813e-03 3.398e-01 2.171e-02 3.380e-01
3.036e+02 3.781e+02 7.458e+01 2.041e+01 6.583e+01 3.431e-01 6.808e-01 1.823e-03 3.413e-01 2.210e-02 3.396e-01
3.039e+02 3.786e+02 7.472e+01 2.020e+01 6.517e+01 3.447e-01 6.839e-01 1.834e-03 3.429e-01 2.250e-02 3.413e-01
3.042e+02 3.790e+02 7.487e+01 2.000e+01 6.451e+01 3.463e-01 6.870e-01 1.844e-03 3.444e-01 2.291e-02 3.429e-01
3.045e+02 3.795e+02 7.501e+01 1.979e+01 6.385e+01 3.479e-01 6.902e-01 1.855e-03 3.460e-01 2.332e-02 3.446e-01
3.048e+02 3.799e+02 7.516e+01 1.959e+01 6.319e+01 3.495e-01 6.934e-01 1.866e-03 3.476e-01 2.375e-02 3.463e-01
3.051e+02 3.804e+02 7.531e+01 1.938e+01 6.253e+01 3.512e-01 6.967e-01 1.877e-03 3.493e-01 2.420e-02 3.481e-01
3.054e+02 3.809e+02 7.546e+01 1.918e+01 6.186e+01 3.528e-01 7.000e-01 1.888e-03 3.509e-01 2.465e-02 3.499e-01
3.058e+02 3.814e+02 7.561e+01 1.897e+01 6.120e+01 3.545e-01 7.034e-01 1.900e-03 3.526e-01 2.511e-02 3.517e-01
3.061e+02 3.819e+02 7.576e+01 1.877e+01 6.054e+01 3.563e-01 7.068e-01 1.911e-03 3.544e-01 2.559e-02 3.535e-01
3.065e+02 3.824e+02 7.591e+01 1.856e+01 5.988e+01 3.581e-01 7.103e-01 1.923e-03 3.561e-01 2.608e-02 3.554e-01
3.068e+02 3.829e+02 7.607e+01 1.836e+01 5.922e+01 3.599e-01 7.139e-01 1.935e-03 3.579e-01 2.658e-02 3.573e-01
3.072e+02 3.834e+02 7.623e+01 1.815e+01 5.856e+01 3.617e-01 7.176e-01 1.947e-03 3.597e-01 2.710e-02 3.593e-01
3.076e+02 3.840e+02 7.639e+01 1.795e+01 5.790e+01 3.636e-01 7.213e-01 1.959e-03 3.616e-01 2.763e-02 3.613e-01
3.080e+02 3.845e+02 7.655e+01 1.774e+01 5.724e+01 3.655e-01 7.250e-01 1.971e-03 3.635e-01 2.817e-02 3.633e-01
3.084e+02 3.851e+02 7.671e+01 1.754e+01 5.657e+01 3.674e-01 7.289e-01 1.984e-03 3.654e-01 2.874e-02 3.654e-01
3.088e+02 3.857e+02 7.687e+01 1.733e+01 5.591e+01 3.694e-01 7.328e-01 1.997e-03 3.674e-01 2.931e-02 3.676e-01
3.092e+02 3.863e+02 7.704e+01 1.713e+01 5.525e+01 3.714e-01 7.368e-01 2.010e-03 3.694e-01 2.991e-02 3.697e-01
3.097e+02 3.869e+02 7.721e+01 1.692e+01 5.459e+01 3.735e-01 7.409e-01 2.023e-03 3.715e-01 3.052e-02 3.720e-01
3.101e+02 3.875e+02 7.738e+01 1.672e+01 5.393e+01 3.756e-01 7.451e-01 2.036e-03 3.736e-01 3.115e-02 3.742e-01
3.106e+02 3.881e+02 7.755e+01 1.651e+01 5.327e+01 3.778e-01 7.494e-01 2.050e-03 3.757e-01 3.180e-02 3.766e-01
3.111e+02 3.888e+02 7.773e+01 1.631e+01 5.261e+01 3.800e-01 7.538e-01 2.064e-03 3.779e-01 3.246e-02 3.790e-01
3.115e+02 3.895e+02 7.791e+01 1.610e+01 5.194e+01 3.822e-01 7.582e-01 2.078e-03 3.802e-01 3.315e-02 3.814e-01
3.120e+02 3.901e+02 7.809e+01 1.590e+01 5.128e+01 3.846e-01 7.628e-01 2.093e-03 3.825e-01 3.386e-02 3.839e-01
3.126e+02 3.908e+02 7.827e+01 1.569e+01 5.062e+01 3.869e-01 7.675e-01 2.108e-03 3.848e-01 3.459e-02 3.865e-01
3.131e+02 3.915e+02 7.846e+01 1.549e+01 4.996e+01 3.893e-01 7.723e-01 2.123e-03 3.872e-01 3.535e-02 3.891e-01
3.136e+02 3.923e+02 7.865e+01 1.528e+01 4.930e+01 3.918e-01 7.772e-01 2.138e-03 3.897e-01 3.613e-02 3.918e-01
3.142e+02 3.930e+02 7.884e+01 1.508e+01 4.864e+01 3.944e-01 7.823e-01 2.154e-03 3.922e-01 3.693e-02 3.946e-01
3.148e+02 3.938e+02 7.904e+01 1.487e+01 4.798e+01 3.970e-01 7.874e-01 2.170e-03 3.948e-01 3.777e-02 3.975e-01
3.154e+02 3.946e+02 7.924e+01 1.467e+01 4.731e+01 3.997e-01 7.928e-01 2.187e-03 3.975e-01 3.863e-02 4.004e-01
3.160e+02 3.954e+02 7.944e+01 1.446e+01 4.665e+01 4.024e-01 7.982e-01 2.204e-03 4.002e-01 3.951e-02 4.034e-01
3.166e+02 3.962e+02 7.965e+01 1.426e+01 4.599e+01 4.052e-01 8.038e-01 2.221e-03 4.030e-01 4.043e-02 4.065e-01
3.172e+02 3.971e+02 7.986e+01 1.405e+01 4.533e+01 4.081e-01 8.096e-01 2.239e-03 4.059e-01 4.139e-02 4.097e-01
3.179e+02 3.980e+02 8.008e+01 1.385e+01 4.467e+01 4.111e-01 8.155e-01 2.257e-03 4.089e-01 4.237e-02 4.130e-01
3.186e+02 3.989e+02 8.030e+01 1.364e+01 4.401e+01 4.142e-01 8.216e-01 2.275e-03 4.119e-01 4.339e-02 4.164e-01
3.193e+02 3.998e+02 8.052e+01 1.344e+01 4.335e+01 4.174e-01 8.279e-01 2.295e-03 4.151e-01 4.445e-02 4.200e-01
3.200e+02 4.008e+02 8.075e+01 1.323e+01 4.268e+01 4.206e-01 8.343e-01 2.314e-03 4.183e-01 4.555e-02 4.236e-01
3.207e+02 4.017e+02 8.098e+01 1.303e+01 4.202e+01 4.240e-01 8.410e-01 2.334e-03 4.217e-01 4.669e-02 4.273e-01
3.215e+02 4.027e+02 8.122e+01 1.282e+01 4.136e+01 4.275e-01 8.479e-01 2.355e-03 4.251e-01 4.787e-02 4.312e-01
3.223e+02 4.038e+02 8.147e+01 1.262e+01 4.070e+01 4.310e-01 8.550e-01 2.377e-03 4.287e-01 4.910e-02 4.352e-01
3.231e+02 4.049e+02 8.172e+01 1.241e+01 4.004e+01 4.347e-01 8.623e-01 2.399e-03 4.323e-01 5.038e-02 4.394e-01
3.240e+02 4.060e+02 8.198e+01 1.221e+01 3.938e+01 4.386e-01 8.699e-01 2.422e-03 4.361e-01 5.171e-02 4.437e-01
3.249e+02 4.071e+02 8.224e+01 1.200e+01 3.872e+01 4.425e-01 8.777e-01 2.445e-03 4.401e-01 5.309e-02 4.482e-01
3.258e+02 4.083e+02 8.251e+01 1.180e+01 3.805e+01 4.466e-01 8.858e-01 2.469e-03 4.441e-01 5.454e-02 4.528e-01
3.267e+02 4.095e+02 8.279e+01 1.159e+01 3.739e+01 4.509e-01 8.942e-01 2.494e-03 4.484e-01 5.604e-02 4.577e-01
3.277e+02 4.108e+02 8.308e+01 1.139e+01 3.673e+01 4.553e-01 9.030e-01 2.520e-03 4.527e-01 5.761e-02 4.627e-01
3.287e+02 4.121e+02 8.337e+01 1.118e+01 3.607e+01 4.598e-01 9.120e-01 2.547e-03 4.573e-01 5.925e-02 4.679e-01
3.297e+02 4.134e+02 8.367e+01 1.098e+01 3.541e+01 4.646e-01 9.214e-01 2.575e-03 4.620e-01 6.096e-02 4.733e-01
3.308e+02 4.148e+02 8.398e+01 1.077e+01 3.475e+01 4.695e-01 9.312e-01 2.604e-03 4.669e-01 6.275e-02 4.790e-01
3.319e+02 4.162e+02 8.430e+01 1.057e+01 3.409e+01 4.746e-01 9.413e-01 2.633e-03 4.720e-01 6.462e-02 4.849e-01
3.331e+02 4.177e+02 8.463e+01 1.036e+01 3.342e+01 4.800e-01 9.519e-01 2.665e-03 4.773e-01 6.659e-02 4.911e-01
3.343e+02 4.193e+02 8.497e+01 1.016e+01 3.276e+01 4.855e-01 9.629e-01 2.697e-03 4.828e-01 6.865e-02 4.976e-01
3.355e+02 4.209e+02 8.533e+01 9.952e+00 3.210e+01 4.913e-01 9.744e-01 2.731e-03 4.886e-01 7.081e-02 5.044e-01
3.368e+02 4.225e+02 8.569e+01 9.747e+00 3.144e+01 4.974e-01 9.865e-01 2.766e-03 4.946e-01 7.309e-02 5.115e-01
3.382e+02 4.243e+02 8.607e+01 9.541e+00 3.078e+01 5.037e-01 9.990e-01 2.802e-03 5.009e-01 7.548e-02 5.189e-01
3.396e+02 4.260e+02 8.646e+01 9.336e+00 3.012e+01 5.104e-01 1.012e+00 2.841e-03 5.075e-01 7.800e-02 5.268e-01
3.411e+02 4.279e+02 8.686e+01 9.131e+00 2.946e+01 5.173e-01 1.026e+00 2.881e-03 5.144e-01 8.066e-02 5.350e-01
3.426e+02 4.299e+02 8.728e+01 8.926e+00 2.879e+01 5.246e-01 1.040e+00 2.923e-03 5.217e-01 8.347e-02 5.437e-01
3.442e+02 4.319e+02 8.772e+01 8.721e+00 2.813e+01 5.323e-01 1.056e+00 2.967e-03 5.293e-01 8.644e-02 5.529e-01
3.458e+02 4.340e+02 8.817e+01 8.516e+00 2.747e+01 5.403e-01 1.072e+00 3.013e-03 5.373e-01 8.958e-02 5.626e-01
3.476e+02 4.362e+02 8.864e+01 8.311e+00 2.681e+01 5.488e-01 1.088e+00 3.061e-03 5.457e-01 9.292e-02 5.729e-01
3.494e+02 4.385e+02 8.913e+01 8.106e+00 2.615e+01 5.578e-01 1.106e+00 3.113e-03 5.546e-01 9.646e-02 5.838e-01
3.513e+02 4.409e+02 8.965e+01 7.901e+00 2.549e+01 5.672e-01 1.125e+00 3.167e-03 5.641e-01 1.002e-01 5.954e-01
3.533e+02 4.435e+02 9.018e+01 7.696e+00 2.483e+01 5.772e-01 1.145e+00 3.224e-03 5.740e-01 1.042e-01 6.077e-01
3.554e+02 4.461e+02 9.074e+01 7.491e+00 2.416e+01 5.878e-01 1.166e+00 3.284e-03 5.846e-01 1.085e-01 6.208e-01
3.576e+02 4.489e+02 9.133e+01 7.286e+00 2.350e+01 5.991e-01 1.188e+00 3.348e-03 5.958e-01 1.131e-01 6.348e-01
3.599e+02 4.519e+02 9.194e+01 7.081e+00 2.284e+01 6.111e-01 1.212e+00 3.416e-03 6.077e-01 1.181e-01 6.498e-01
3.624e+02 4.549e+02 9.259e+01 6.876e+00 2.218e+01 6.239e-01 1.237e+00 3.489e-03 6.204e-01 1.233e-01 6.659e-01
3.649e+02 4.582e+02 9.327e+01 6.671e+00 2.152e+01 6.375e-01 1.264e+00 3.566e-03 6.339e-01 1.290e-01 6.832e-01
3.676e+02 4.616e+02 9.399e+01 6.466e+00 2.086e+01 6.521e-01 1.293e+00 3.649e-03 6.485e-01 1.352e-01 7.019e-01
3.705e+02 4.653e+02 9.474e+01 6.261e+00 2.020e+01 6.678e-01 1.324e+00 3.738e-03 6.640e-01 1.418e-01 7.221e-01
3.736e+02 4.691e+02 9.554e+01 6.056e+00 1.954e+01 6.846e-01 1.358e+00 3.833e-03 6.808e-01 1.491e-01 7.440e-01
3.768e+02 4.732e+02 9.639e+01 5.851e+00 1.887e+01 7.028e-01 1.394e+00 3.936e-03 6.989e-01 1.569e-01 7.678e-01
3.802e+02 4.775e+02 9.729e+01 5.646e+00 1.821e+01 7.225e-01 1.433e+00 4.047e-03 7.184e-01 1.655e-01 7.938e-01
3.839e+02 4.822e+02 9.824e+01 5.441e+00 1.755e+01 7.438e-01 1.475e+00 4.168e-03 7.397e-01 1.749e-01 8.223e-01
3.878e+02 4.871e+02 9.926e+01 5.236e+00 1.689e+01 7.671e-01 1.521e+00 4.299e-03 7.628e-01 1.853e-01 8.536e-01
3.920e+02 4.924e+02 1.004e+02 5.031e+00 1.623e+01 7.924e-01 1.572e+00 4.442e-03 7.880e-01 1.967e-01 8.882e-01
3.965e+02 4.980e+02 1.015e+02 4.826e+00 1.557e+01 8.203e-01 1.627e+00 4.599e-03 8.157e-01 2.094e-01 9.265e-01
4.014e+02 5.041e+02 1.028e+02 4.621e+00 1.491e+01 8.509e-01 1.688e+00 4.772e-03 8.461e-01 2.236e-01 9.692e-01
4.066e+02 5.107e+02 1.041e+02 4.416e+00 1.424e+01 8.848e-01 1.755e+00 4.963e-03 8.799e-01 2.395e-01 1.017e+00
4.123e+02 5.179e+02 1.056e+02 4.211e+00 1.358e+01 9.225e-01 1.830e+00 5.175e-03 9.174e-01 2.574e-01 1.071e+00
4.184e+02 5.256e+02 1.072e+02 4.006e+00 1.292e+01 9.647e-01 1.913e+00 5.412e-03 9.593e-01 2.777e-01 1.132e+00
4.252e+02 5.341e+02 1.089e+02 3.800e+00 1.226e+01 1.012e+00 2.007e+00 5.679e-03 1.006e+00 3.009e-01 1.202e+00
4.325e+02 5.433e+02 1.108e+02 3.595e+00 1.160e+01 1.066e+00 2.114e+00 5.982e-03 1.060e+00 3.277e-01 1.282e+00
4.406e+02 5.535e+02 1.129e+02 3.390e+00 1.094e+01 1.127e+00 2.235e+00 6.326e-03 1.121e+00 3.588e-01 1.376e+00
4.496e+02 5.648e+02 1.152e+02 3.185e+00 1.028e+01 1.198e+00 2.375e+00 6.723e-03 1.191e+00 3.953e-01 1.486e+00
4.596e+02 5.774e+02 1.178e+02 2.980e+00 9.614e+00 1.280e+00 2.538e+00 7.183e-03 1.272e+00 4.386e-01 1.616e+00
4.708e+02 5.915e+02 1.207e+02 2.775e+00 8.953e+00 1.376e+00 2.728e+00 7.724e-03 1.368e+00 4.906e-01 1.772e+00
4.835e+02 6.075e+02 1.239e+02 2.570e+00 8.291e+00 1.490e+00 2.955e+00 8.367e-03 1.482e+00 5.541e-01 1.963e+00
4.980e+02 6.257e+02 1.277e+02 2.365e+00 7.630e+00 1.628e+00 3.229e+00 9.143e-03 1.619e+00 6.330e-01 2.199e+00
5.147e+02 6.467e+02 1.319e+02 2.160e+00 6.968e+00 1.798e+00 3.565e+00 1.010e-02 1.788e+00 7.329e-01 2.499e+00
5.342e+02 6.712e+02 1.369e+02 1.955e+00 6.307e+00 2.010e+00 3.987e+00 1.129e-02 1.999e+00 8.626e-01 2.889e+00
5.574e+02 7.003e+02 1.429e+02 1.750e+00 5.646e+00 2.283e+00 4.528e+00 1.282e-02 2.270e+00 1.036e+00 3.409e+00
5.853e+02 7.354e+02 1.501e+02 1.545e+00 4.984e+00 2.644e+00 5.244e+00 1.485e-02 2.630e+00 1.276e+00 4.130e+00
6.200e+02 7.789e+02 1.589e+02 1.340e+00 4.323e+00 3.142e+00 6.232e+00 1.765e-02 3.125e+00 1.626e+00 5.179e+00
6.642e+02 8.345e+02 1.703e+02 1.135e+00 3.661e+00 3.865e+00 7.664e+00 2.171e-02 3.843e+00 2.166e+00 6.800e+00
7.233e+02 9.087e+02 1.854e+02 9.300e-01 3.000e+00 4.989e+00 9.894e+00 2.802e-02 4.961e+00 3.076e+00 9.529e+00
