# pipeline=quark_stars
# construction=without_maxwell
# m_sigma_mev=600.000000
# units=chemical potentials and sigma in MeV; densities in fm^-3; pressure and energy density in GeV fm^-3
# B0_mev4=5.806289137042e+08
# B0_gev_fm3=7.556822962283e-02
# B_mev4=0.000000000000e+00
# B_gev_fm3=0.000000000000e+00
# B_1_4_mev=0.000000
# columns=mu_u_mev mu_d_mev mu_e_mev sigma_mev constituent_mass_mev n_u_fm-3 n_d_fm-3 n_e_fm-3 n_B_fm-3 pressure_gev_fm-3 energy_density_gev_fm-3
3.023e+02 3.040e+02 1.718e+00 9.279e+01 2.993e+02 9.846e-04 1.969e-03 1.940e-08 9.846e-04 3.808e-06 8.924e-04
3.033e+02 3.059e+02 2.680e+00 9.258e+01 2.986e+02 1.933e-03 3.866e-03 8.007e-08 1.933e-03 1.091e-05 1.758e-03
3.040e+02 3.075e+02 3.488e+00 9.238e+01 2.980e+02 2.886e-03 5.771e-03 1.805e-07 2.885e-03 2.017e-05 2.632e-03
3.046e+02 3.088e+02 4.207e+00 9.217e+01 2.973e+02 3.842e-03 7.683e-03 3.201e-07 3.841e-03 3.110e-05 3.512e-03
3.051e+02 3.100e+02 4.867e+00 9.197e+01 2.967e+02 4.801e-03 9.600e-03 4.985e-07 4.800e-03 4.339e-05 4.397e-03
3.056e+02 3.111e+02 5.484e+00 9.176e+01 2.960e+02 5.762e-03 1.152e-02 7.154e-07 5.762e-03 5.683e-05 5.288e-03
3.060e+02 3.120e+02 6.066e+00 9.156e+01 2.953e+02 6.726e-03 1.345e-02 9.705e-07 6.725e-03 7.125e-05 6.183e-03
3.063e+02 3.129e+02 6.620e+00 9.135e+01 2.947e+02 7.692e-03 1.538e-02 1.264e-06 7.691e-03 8.654e-05 7.082e-03
3.066e+02 3.137e+02 7.150e+00 9.115e+01 2.940e+02 8.660e-03 1.731e-02 1.595e-06 8.658e-03 1.026e-04 7.985e-03
3.069e+02 3.145e+02 7.661e+00 9.094e+01 2.934e+02 9.629e-03 1.925e-02 1.963e-06 9.627e-03 1.193e-04 8.891e-03
3.071e+02 3.153e+02 8.155e+00 9.074e+01 2.927e+02 1.060e-02 2.119e-02 2.370e-06 1.060e-02 1.366e-04 9.800e-03
3.073e+02 3.160e+02 8.633e+00 9.053e+01 2.920e+02 1.157e-02 2.314e-02 2.813e-06 1.157e-02 1.545e-04 1.071e-02
3.075e+02 3.166e+02 9.098e+00 9.033e+01 2.914e+02 1.255e-02 2.508e-02 3.294e-06 1.254e-02 1.728e-04 1.163e-02
3.077e+02 3.173e+02 9.550e+00 9.012e+01 2.907e+02 1.352e-02 2.703e-02 3.812e-06 1.352e-02 1.916e-04 1.254e-02
3.079e+02 3.179e+02 9.992e+00 8.992e+01 2.900e+02 1.450e-02 2.898e-02 4.367e-06 1.449e-02 2.108e-04 1.346e-02
3.080e+02 3.184e+02 1.042e+01 8.971e+01 2.894e+02 1.548e-02 3.094e-02 4.960e-06 1.547e-02 2.303e-04 1.439e-02
3.081e+02 3.190e+02 1.085e+01 8.951e+01 2.887e+02 1.645e-02 3.289e-02 5.589e-06 1.645e-02 2.501e-04 1.531e-02
3.083e+02 3.195e+02 1.126e+01 8.930e+01 2.881e+02 1.743e-02 3.485e-02 6.255e-06 1.743e-02 2.702e-04 1.624e-02
3.084e+02 3.200e+02 1.167e+01 8.910e+01 2.874e+02 1.841e-02 3.681e-02 6.958e-06 1.841e-02 2.906e-04 1.717e-02
3.085e+02 3.205e+02 1.206e+01 8.889e+01 2.867e+02 1.939e-02 3.877e-02 7.698e-06 1.939e-02 3.112e-04 1.810e-02
3.086e+02 3.210e+02 1.246e+01 8.868e+01 2.861e+02 2.038e-02 4.073e-02 8.474e-06 2.037e-02 3.320e-04 1.903e-02
3.086e+02 3.215e+02 1.284e+01 8.848e+01 2.854e+02 2.136e-02 4.269e-02 9.287e-06 2.135e-02 3.530e-04 1.996e-02
3.087e+02 3.219e+02 1.322e+01 8.827e+01 2.848e+02 2.234e-02 4.465e-02 1.014e-05 2.233e-02 3.741e-04 2.090e-02
3.088e+02 3.224e+02 1.360e+01 8.807e+01 2.841e+02 2.333e-02 4.662e-02 1.102e-05 2.332e-02 3.954e-04 2.184e-02
3.088e+02 3.228e+02 1.396e+01 8.786e+01 2.834e+02 2.431e-02 4.859e-02 1.195e-05 2.430e-02 4.168e-04 2.277e-02
3.089e+02 3.232e+02 1.433e+01 8.766e+01 2.828e+02 2.530e-02 5.055e-02 1.290e-05 2.528e-02 4.384e-04 2.371e-02
3.089e+02 3.236e+02 1.469e+01 8.745e+01 2.821e+02 2.628e-02 5.252e-02 1.390e-05 2.627e-02 4.600e-04 2.465e-02
3.089e+02 3.240e+02 1.504e+01 8.725e+01 2.815e+02 2.727e-02 5.449e-02 1.493e-05 2.725e-02 4.817e-04 2.560e-02
3.090e+02 3.244e+02 1.539e+01 8.704e+01 2.808e+02 2.826e-02 5.646e-02 1.600e-05 2.824e-02 5.034e-04 2.654e-02
3.090e+02 3.247e+02 1.574e+01 8.684e+01 2.801e+02 2.924e-02 5.843e-02 1.710e-05 2.923e-02 5.253e-04 2.749e-02
3.090e+02 3.251e+02 1.608e+01 8.663e+01 2.795e+02 3.023e-02 6.041e-02 1.825e-05 3.021e-02 5.471e-04 2.843e-02
3.090e+02 3.254e+02 1.642e+01 8.643e+01 2.788e+02 3.122e-02 6.238e-02 1.942e-05 3.120e-02 5.690e-04 2.938e-02
3.090e+02 3.258e+02 1.675e+01 8.622e+01 2.781e+02 3.221e-02 6.435e-02 2.064e-05 3.219e-02 5.909e-04 3.033e-02
3.090e+02 3.261e+02 1.708e+01 8.602e+01 2.775e+02 3.319e-02 6.632e-02 2.189e-05 3.317e-02 6.128e-04 3.128e-02
3.090e+02 3.264e+02 1.741e+01 8.581e+01 2.768e+02 3.418e-02 6.830e-02 2.317e-05 3.416e-02 6.348e-04 3.222e-02
3.090e+02 3.268e+02 1.774e+01 8.561e+01 2.762e+02 3.517e-02 7.027e-02 2.449e-05 3.515e-02 6.567e-04 3.318e-02
3.090e+02 3.271e+02 1.806e+01 8.540e+01 2.755e+02 3.616e-02 7.225e-02 2.585e-05 3.614e-02 6.786e-04 3.413e-02
3.090e+02 3.274e+02 1.838e+01 8.520e+01 2.748e+02 3.715e-02 7.422e-02 2.724e-05 3.712e-02 7.005e-04 3.508e-02
3.090e+02 3.277e+02 1.869e+01 8.499e+01 2.742e+02 3.814e-02 7.620e-02 2.867e-05 3.811e-02 7.224e-04 3.603e-02
3.090e+02 3.280e+02 1.900e+01 8.479e+01 2.735e+02 3.913e-02 7.817e-02 3.014e-05 3.910e-02 7.442e-04 3.699e-02
3.089e+02 3.283e+02 1.931e+01 8.458e+01 2.729e+02 4.012e-02 8.015e-02 3.164e-05 4.009e-02 7.660e-04 3.794e-02
3.089e+02 3.285e+02 1.962e+01 8.438e+01 2.722e+02 4.111e-02 8.212e-02 3.318e-05 4.108e-02 7.877e-04 3.889e-02
3.089e+02 3.288e+02 1.993e+01 8.417e+01 2.715e+02 4.210e-02 8.410e-02 3.475e-05 4.207e-02 8.094e-04 3.985e-02
3.089e+02 3.291e+02 2.023e+01 8.397e+01 2.709e+02 4.309e-02 8.608e-02 3.636e-05 4.306e-02 8.310e-04 4.081e-02
3.088e+02 3.294e+02 2.053e+01 8.376e+01 2.702e+02 4.408e-02 8.805e-02 3.801e-05 4.405e-02 8.526e-04 4.176e-02
3.088e+02 3.296e+02 2.083e+01 8.356e+01 2.695e+02 4.507e-02 9.003e-02 3.969e-05 4.503e-02 8.741e-04 4.272e-02
3.087e+02 3.299e+02 2.112e+01 8.335e+01 2.689e+02 4.606e-02 9.200e-02 4.140e-05 4.602e-02 8.955e-04 4.368e-02
3.087e+02 3.301e+02 2.142e+01 8.315e+01 2.682e+02 4.706e-02 9.398e-02 4.315e-05 4.701e-02 9.169e-04 4.463e-02
3.087e+02 3.304e+02 2.171e+01 8.294e+01 2.676e+02 4.805e-02 9.596e-02 4.494e-05 4.800e-02 9.382e-04 4.559e-02
3.086e+02 3.306e+02 2.200e+01 8.274e+01 2.669e+02 4.904e-02 9.793e-02 4.677e-05 4.899e-02 9.594e-04 4.655e-02
3.086e+02 3.308e+02 2.229e+01 8.253e+01 2.662e+02 5.003e-02 9.991e-02 4.862e-05 4.998e-02 9.805e-04 4.751e-02
3.085e+02 3.311e+02 2.257e+01 8.233e+01 2.656e+02 5.102e-02 1.019e-01 5.052e-05 5.097e-02 1.002e-03 4.847e-02
3.085e+02 3.313e+02 2.286e+01 8.212e+01 2.649e+02 5.201e-02 1.039e-01 5.245e-05 5.195e-02 1.022e-03 4.943e-02
3.084e+02 3.315e+02 2.314e+01 8.192e+01 2.643e+02 5.300e-02 1.058e-01 5.441e-05 5.294e-02 1.043e-03 5.039e-02
3.083e+02 3.318e+02 2.342e+01 8.171e+01 2.636e+02 5.399e-02 1.078e-01 5.641e-05 5.393e-02 1.064e-03 5.135e-02
3.083e+02 3.320e+02 2.370e+01 8.151e+01 2.629e+02 5.498e-02 1.098e-01 5.845e-05 5.492e-02 1.085e-03 5.231e-02
3.082e+02 3.322e+02 2.397e+01 8.130e+01 2.623e+02 5.597e-02 1.118e-01 6.052e-05 5.591e-02 1.105e-03 5.327e-02
3.082e+02 3.324e+02 2.425e+01 8.110e+01 2.616e+02 5.696e-02 1.137e-01 6.263e-05 5.689e-02 1.126e-03 5.423e-02
3.081e+02 3.326e+02 2.452e+01 8.089e+01 2.609e+02 5.795e-02 1.157e-01 6.477e-05 5.788e-02 1.146e-03 5.519e-02
3.080e+02 3.328e+02 2.479e+01 8.069e+01 2.603e+02 5.893e-02 1.177e-01 6.695e-05 5.887e-02 1.166e-03 5.615e-02
3.080e+02 3.330e+02 2.506e+01 8.048e+01 2.596e+02 5.992e-02 1.196e-01 6.916e-05 5.985e-02 1.187e-03 5.711e-02
3.079e+02 3.332e+02 2.533e+01 8.028e+01 2.590e+02 6.091e-02 1.216e-01 7.141e-05 6.084e-02 1.207e-03 5.807e-02
3.078e+02 3.334e+02 2.560e+01 8.007e+01 2.583e+02 6.190e-02 1.236e-01 7.369e-05 6.183e-02 1.226e-03 5.903e-02
3.078e+02 3.336e+02 2.586e+01 7.987e+01 2.576e+02 6.289e-02 1.255e-01 7.601e-05 6.281e-02 1.246e-03 6.000e-02
3.077e+02 3.338e+02 2.613e+01 7.966e+01 2.570e+02 6.388e-02 1.275e-01 7.836e-05 6.380e-02 1.266e-03 6.096e-02
3.076e+02 3.340e+02 2.639e+01 7.946e+01 2.563e+02 6.486e-02 1.295e-01 8.075e-05 6.478e-02 1.286e-03 6.192e-02
3.075e+02 3.342e+02 2.665e+01 7.925e+01 2.557e+02 6.585e-02 1.315e-01 8.317e-05 6.577e-02 1.305e-03 6.288e-02
3.075e+02 3.344e+02 2.691e+01 7.905e+01 2.550e+02 6.684e-02 1.334e-01 8.562e-05 6.675e-02 1.325e-03 6.384e-02
3.074e+02 3.345e+02 2.717e+01 7.884e+01 2.543e+02 6.783e-02 1.354e-01 8.812e-05 6.774e-02 1.344e-03 6.480e-02
3.073e+02 3.347e+02 2.743e+01 7.864e+01 2.537e+02 6.881e-02 1.374e-01 9.064e-05 6.872e-02 1.363e-03 6.576e-02
3.072e+02 3.349e+02 2.768e+01 7.843e+01 2.530e+02 6.980e-02 1.393e-01 9.320e-05 6.970e-02 1.382e-03 6.672e-02
3.071e+02 3.351e+02 2.794e+01 7.823e+01 2.523e+02 7.078e-02 1.413e-01 9.580e-05 7.069e-02 1.401e-03 6.768e-02
3.071e+02 3.353e+02 2.819e+01 7.802e+01 2.517e+02 7.177e-02 1.432e-01 9.843e-05 7.167e-02 1.420e-03 6.864e-02
3.070e+02 3.354e+02 2.844e+01 7.782e+01 2.510e+02 7.275e-02 1.452e-01 1.011e-04 7.265e-02 1.438e-03 6.960e-02
3.069e+02 3.356e+02 2.869e+01 7.761e+01 2.504e+02 7.374e-02 1.472e-01 1.038e-04 7.363e-02 1.457e-03 7.056e-02
3.068e+02 3.358e+02 2.894e+01 7.741e+01 2.497e+02 7.472e-02 1.491e-01 1.065e-04 7.462e-02 1.475e-03 7.152e-02
3.067e+02 3.359e+02 2.919e+01 7.720e+01 2.490e+02 7.571e-02 1.511e-01 1.093e-04 7.560e-02 1.494e-03 7.248e-02
3.066e+02 3.361e+02 2.944e+01 7.700e+01 2.484e+02 7.669e-02 1.530e-01 1.121e-04 7.658e-02 1.512e-03 7.344e-02
3.066e+02 3.362e+02 2.968e+01 7.679e+01 2.477e+02 7.767e-02 1.550e-01 1.149e-04 7.756e-02 1.530e-03 7.440e-02
3.065e+02 3.364e+02 2.993e+01 7.659e+01 2.471e+02 7.865e-02 1.570e-01 1.178e-04 7.854e-02 1.548e-03 7.536e-02
3.064e+02 3.366e+02 3.017e+01 7.638e+01 2.464e+02 7.963e-02 1.589e-01 1.207e-04 7.951e-02 1.566e-03 7.632e-02
3.063e+02 3.367e+02 3.042e+01 7.618e+01 2.457e+02 8.062e-02 1.609e-01 1.236e-04 8.049e-02 1.584e-03 7.728e-02
3.062e+02 3.369e+02 3.066e+01 7.597e+01 2.451e+02 8.160e-02 1.628e-01 1.266e-04 8.147e-02 1.602e-03 7.824e-02
3.061e+02 3.370e+02 3.090e+01 7.577e+01 2.444e+02 8.258e-02 1.648e-01 1.296e-04 8.245e-02 1.619e-03 7.919e-02
3.060e+02 3.372e+02 3.114e+01 7.556e+01 2.438e+02 8.356e-02 1.667e-01 1.326e-04 8.342e-02 1.637e-03 8.015e-02
3.059e+02 3.373e+02 3.138e+01 7.536e+01 2.431e+02 8.454e-02 1.687e-01 1.357e-04 8.440e-02 1.654e-03 8.111e-02
3.059e+02 3.375e+02 3.161e+01 7.515e+01 2.424e+02 8.552e-02 1.706e-01 1.388e-04 8.538e-02 1.672e-03 8.206e-02
3.058e+02 3.376e+02 3.185e+01 7.495e+01 2.418e+02 8.649e-02 1.726e-01 1.420e-04 8.635e-02 1.689e-03 8.302e-02
3.057e+02 3.378e+02 3.208e+01 7.474e+01 2.411e+02 8.747e-02 1.745e-01 1.451e-04 8.733e-02 1.706e-03 8.398e-02
3.056e+02 3.379e+02 3.232e+01 7.454e+01 2.404e+02 8.845e-02 1.765e-01 1.483e-04 8.830e-02 1.723e-03 8.493e-02
3.055e+02 3.380e+02 3.255e+01 7.433e+01 2.398e+02 8.942e-02 1.784e-01 1.516e-04 8.927e-02 1.740e-03 8.589e-02
3.054e+02 3.382e+02 3.278e+01 7.413e+01 2.391e+02 9.040e-02 1.803e-01 1.548e-04 9.025e-02 1.756e-03 8.684e-02
3.053e+02 3.383e+02 3.302e+01 7.392e+01 2.385e+02 9.138e-02 1.823e-01 1.581e-04 9.122e-02 1.773e-03 8.780e-02
3.052e+02 3.385e+02 3.325e+01 7.372e+01 2.378e+02 9.235e-02 1.842e-01 1.615e-04 9.219e-02 1.790e-03 8.875e-02
3.051e+02 3.386e+02 3.348e+01 7.351e+01 2.371e+02 9.332e-02 1.862e-01 1.648e-04 9.316e-02 1.806e-03 8.970e-02
3.050e+02 3.387e+02 3.370e+01 7.331e+01 2.365e+02 9.430e-02 1.881e-01 1.682e-04 9.413e-02 1.823e-03 9.066e-02
3.049e+02 3.389e+02 3.393e+01 7.310e+01 2.358e+02 9.527e-02 1.900e-01 1.717e-04 9.510e-02 1.839e-03 9.161e-02
3.048e+02 3.390e+02 3.416e+01 7.290e+01 2.352e+02 9.624e-02 1.920e-01 1.751e-04 9.607e-02 1.855e-03 9.256e-02
3.047e+02 3.391e+02 3.439e+01 7.269e+01 2.345e+02 9.721e-02 1.939e-01 1.786e-04 9.704e-02 1.871e-03 9.351e-02
3.046e+02 3.393e+02 3.461e+01 7.249e+01 2.338e+02 9.819e-02 1.958e-01 1.822e-04 9.800e-02 1.887e-03 9.446e-02
3.045e+02 3.394e+02 3.483e+01 7.228e+01 2.332e+02 9.916e-02 1.978e-01 1.857e-04 9.897e-02 1.903e-03 9.541e-02
3.045e+02 3.395e+02 3.506e+01 7.208e+01 2.325e+02 1.001e-01 1.997e-01 1.893e-04 9.994e-02 1.919e-03 9.637e-02
3.044e+02 3.396e+02 3.528e+01 7.187e+01 2.318e+02 1.011e-01 2.016e-01 1.930e-04 1.009e-01 1.935e-03 9.731e-02
3.043e+02 3.398e+02 3.550e+01 7.167e+01 2.312e+02 1.021e-01 2.035e-01 1.966e-04 1.019e-01 1.951e-03 9.826e-02
3.042e+02 3.399e+02 3.572e+01 7.146e+01 2.305e+02 1.030e-01 2.055e-01 2.003e-04 1.028e-01 1.967e-03 9.921e-02
3.041e+02 3.400e+02 3.594e+01 7.126e+01 2.299e+02 1.040e-01 2.074e-01 2.040e-04 1.038e-01 1.982e-03 1.002e-01
3.040e+02 3.401e+02 3.616e+01 7.105e+01 2.292e+02 1.050e-01 2.093e-01 2.078e-04 1.048e-01 1.998e-03 1.011e-01
3.039e+02 3.403e+02 3.638e+01 7.085e+01 2.285e+02 1.059e-01 2.112e-01 2.116e-04 1.057e-01 2.013e-03 1.021e-01
3.038e+02 3.404e+02 3.660e+01 7.064e+01 2.279e+02 1.069e-01 2.131e-01 2.154e-04 1.067e-01 2.029e-03 1.030e-01
3.037e+02 3.405e+02 3.681e+01 7.044e+01 2.272e+02 1.079e-01 2.151e-01 2.192e-04 1.076e-01 2.044e-03 1.039e-01
3.036e+02 3.406e+02 3.703e+01 7.023e+01 2.266e+02 1.088e-01 2.170e-01 2.231e-04 1.086e-01 2.059e-03 1.049e-01
3.035e+02 3.407e+02 3.724e+01 7.003e+01 2.259e+02 1.098e-01 2.189e-01 2.270e-04 1.096e-01 2.075e-03 1.058e-01
3.034e+02 3.408e+02 3.746e+01 6.982e+01 2.252e+02 1.107e-01 2.208e-01 2.310e-04 1.105e-01 2.090e-03 1.068e-01
3.033e+02 3.410e+02 3.767e+01 6.962e+01 2.246e+02 1.117e-01 2.227e-01 2.349e-04 1.115e-01 2.105e-03 1.077e-01
3.032e+02 3.411e+02 3.789e+01 6.941e+01 2.239e+02 1.127e-01 2.246e-01 2.390e-04 1.124e-01 2.120e-03 1.087e-01
3.031e+02 3.412e+02 3.810e+01 6.921e+01 2.232e+02 1.136e-01 2.265e-01 2.430e-04 1.134e-01 2.135e-03 1.096e-01
3.030e+02 3.413e+02 3.831e+01 6.900e+01 2.226e+02 1.146e-01 2.284e-01 2.470e-04 1.143e-01 2.150e-03 1.105e-01
3.029e+02 3.414e+02 3.852e+01 6.880e+01 2.219e+02 1.155e-01 2.303e-01 2.511e-04 1.153e-01 2.165e-03 1.115e-01
3.028e+02 3.415e+02 3.873e+01 6.859e+01 2.213e+02 1.165e-01 2.322e-01 2.553e-04 1.162e-01 2.180e-03 1.124e-01
3.027e+02 3.416e+02 3.894e+01 6.839e+01 2.206e+02 1.175e-01 2.341e-01 2.594e-04 1.172e-01 2.195e-03 1.134e-01
3.026e+02 3.418e+02 3.915e+01 6.818e+01 2.199e+02 1.184e-01 2.360e-01 2.636e-04 1.182e-01 2.209e-03 1.143e-01
3.025e+02 3.419e+02 3.935e+01 6.798e+01 2.193e+02 1.194e-01 2.379e-01 2.678e-04 1.191e-01 2.224e-03 1.152e-01
3.024e+02 3.420e+02 3.956e+01 6.777e+01 2.186e+02 1.203e-01 2.398e-01 2.721e-04 1.201e-01 2.239e-03 1.162e-01
3.023e+02 3.421e+02 3.977e+01 6.757e+01 2.180e+02 1.213e-01 2.417e-01 2.763e-04 1.210e-01 2.254e-03 1.171e-01
3.022e+02 3.422e+02 3.997e+01 6.736e+01 2.173e+02 1.222e-01 2.436e-01 2.806e-04 1.219e-01 2.268e-03 1.180e-01
3.021e+02 3.423e+02 4.018e+01 6.716e+01 2.166e+02 1.232e-01 2.455e-01 2.850e-04 1.229e-01 2.283e-03 1.190e-01
3.020e+02 3.424e+02 4.038e+01 6.695e+01 2.160e+02 1.241e-01 2.474e-01 2.893e-04 1.238e-01 2.298e-03 1.199e-01
3.019e+02 3.425e+02 4.058e+01 6.675e+01 2.153e+02 1.251e-01 2.493e-01 2.937e-04 1.248e-01 2.312e-03 1.209e-01
3.018e+02 3.426e+02 4.078e+01 6.654e+01 2.146e+02 1.260e-01 2.512e-01 2.981e-04 1.257e-01 2.327e-03 1.218e-01
3.017e+02 3.427e+02 4.099e+01 6.634e+01 2.140e+02 1.270e-01 2.531e-01 3.026e-04 1.267e-01 2.342e-03 1.227e-01
3.017e+02 3.428e+02 4.119e+01 6.613e+01 2.133e+02 1.279e-01 2.549e-01 3.071e-04 1.276e-01 2.356e-03 1.236e-01
3.016e+02 3.429e+02 4.139e+01 6.593e+01 2.127e+02 1.289e-01 2.568e-01 3.116e-04 1.286e-01 2.371e-03 1.246e-01
3.015e+02 3.430e+02 4.159e+01 6.572e+01 2.120e+02 1.298e-01 2.587e-01 3.161e-04 1.295e-01 2.386e-03 1.255e-01
3.014e+02 3.432e+02 4.179e+01 6.552e+01 2.113e+02 1.308e-01 2.606e-01 3.207e-04 1.304e-01 2.400e-03 1.264e-01
3.013e+02 3.433e+02 4.199e+01 6.531e+01 2.107e+02 1.317e-01 2.624e-01 3.252e-04 1.314e-01 2.415e-03 1.274e-01
3.012e+02 3.434e+02 4.218e+01 6.511e+01 2.100e+02 1.327e-01 2.643e-01 3.299e-04 1.323e-01 2.430e-03 1.283e-01
3.011e+02 3.435e+02 4.238e+01 6.490e+01 2.094e+02 1.336e-01 2.662e-01 3.345e-04 1.333e-01 2.444e-03 1.292e-01
3.010e+02 3.436e+02 4.258e+01 6.470e+01 2.087e+02 1.345e-01 2.681e-01 3.392e-04 1.342e-01 2.459e-03 1.301e-01
3.009e+02 3.437e+02 4.277e+01 6.449e+01 2.080e+02 1.355e-01 2.699e-01 3.439e-04 1.351e-01 2.474e-03 1.311e-01
3.008e+02 3.438e+02 4.297e+01 6.429e+01 2.074e+02 1.364e-01 2.718e-01 3.486e-04 1.361e-01 2.488e-03 1.320e-01
3.007e+02 3.439e+02 4.316e+01 6.408e+01 2.067e+02 1.374e-01 2.737e-01 3.534e-04 1.370e-01 2.503e-03 1.329e-01
3.006e+02 3.440e+02 4.336e+01 6.388e+01 2.061e+02 1.383e-01 2.755e-01 3.581e-04 1.379e-01 2.518e-03 1.338e-01
3.005e+02 3.441e+02 4.355e+01 6.367e+01 2.054e+02 1.392e-01 2.774e-01 3.630e-04 1.389e-01 2.533e-03 1.348e-01
3.004e+02 3.442e+02 4.374e+01 6.347e+01 2.047e+02 1.402e-01 2.792e-01 3.678e-04 1.398e-01 2.548e-03 1.357e-01
3.003e+02 3.443e+02 4.393e+01 6.326e+01 2.041e+02 1.411e-01 2.811e-01 3.727e-04 1.407e-01 2.563e-03 1.366e-01
3.002e+02 3.444e+02 4.412e+01 6.306e+01 2.034e+02 1.420e-01 2.829e-01 3.775e-04 1.417e-01 2.578e-03 1.375e-01
3.002e+02 3.445e+02 4.431e+01 6.285e+01 2.027e+02 1.430e-01 2.848e-01 3.825e-04 1.426e-01 2.593e-03 1.384e-01
3.001e+02 3.446e+02 4.450e+01 6.265e+01 2.021e+02 1.439e-01 2.866e-01 3.874e-04 1.435e-01 2.608e-03 1.394e-01
3.000e+02 3.447e+02 4.469e+01 6.244e+01 2.014e+02 1.448e-01 2.885e-01 3.924e-04 1.444e-01 2.623e-03 1.403e-01
2.999e+02 3.448e+02 4.488e+01 6.224e+01 2.008e+02 1.458e-01 2.903e-01 3.974e-04 1.454e-01 2.638e-03 1.412e-01
2.998e+02 3.449e+02 4.507e+01 6.203e+01 2.001e+02 1.467e-01 2.922e-01 4.024e-04 1.463e-01 2.654e-03 1.421e-01
2.997e+02 3.450e+02 4.526e+01 6.183e+01 1.994e+02 1.476e-01 2.940e-01 4.074e-04 1.472e-01 2.669e-03 1.430e-01
2.996e+02 3.451e+02 4.545e+01 6.162e+01 1.988e+02 1.486e-01 2.959e-01 4.125e-04 1.481e-01 2.684e-03 1.439e-01
2.995e+02 3.452e+02 4.563e+01 6.142e+01 1.981e+02 1.495e-01 2.977e-01 4.176e-04 1.491e-01 2.700e-03 1.448e-01
2.994e+02 3.452e+02 4.582e+01 6.121e+01 1.975e+02 1.504e-01 2.995e-01 4.227e-04 1.500e-01 2.716e-03 1.458e-01
2.993e+02 3.453e+02 4.600e+01 6.101e+01 1.968e+02 1.513e-01 3.014e-01 4.279e-04 1.509e-01 2.731e-03 1.467e-01
2.993e+02 3.454e+02 4.619e+01 6.080e+01 1.961e+02 1.523e-01 3.032e-01 4.330e-04 1.518e-01 2.747e-03 1.476e-01
2.992e+02 3.455e+02 4.637e+01 6.060e+01 1.955e+02 1.532e-01 3.051e-01 4.382e-04 1.527e-01 2.763e-03 1.485e-01
2.991e+02 3.456e+02 4.655e+01 6.039e+01 1.948e+02 1.541e-01 3.069e-01 4.434e-04 1.537e-01 2.779e-03 1.494e-01
2.990e+02 3.457e+02 4.674e+01 6.019e+01 1.941e+02 1.550e-01 3.087e-01 4.487e-04 1.546e-01 2.795e-03 1.503e-01
2.989e+02 3.458e+02 4.692e+01 5.998e+01 1.935e+02 1.559e-01 3.105e-01 4.539e-04 1.555e-01 2.811e-03 1.512e-01
2.988e+02 3.459e+02 4.710e+01 5.978e+01 1.928e+02 1.569e-01 3.124e-01 4.592e-04 1.564e-01 2.828e-03 1.521e-01
2.987e+02 3.460e+02 4.728e+01 5.957e+01 1.922e+02 1.578e-01 3.142e-01 4.646e-04 1.573e-01 2.844e-03 1.530e-01
2.986e+02 3.461e+02 4.746e+01 5.936e+01 1.915e+02 1.587e-01 3.160e-01 4.699e-04 1.582e-01 2.861e-03 1.539e-01
2.986e+02 3.462e+02 4.764e+01 5.916e+01 1.908e+02 1.596e-01 3.178e-01 4.753e-04 1.591e-01 2.877e-03 1.548e-01
2.985e+02 3.463e+02 4.782e+01 5.895e+01 1.902e+02 1.605e-01 3.196e-01 4.806e-04 1.601e-01 2.894e-03 1.557e-01
2.984e+02 3.464e+02 4.800e+01 5.875e+01 1.895e+02 1.615e-01 3.215e-01 4.861e-04 1.610e-01 2.911e-03 1.566e-01
2.983e+02 3.465e+02 4.818e+01 5.854e+01 1.889e+02 1.624e-01 3.233e-01 4.915e-04 1.619e-01 2.928e-03 1.575e-01
2.982e+02 3.466e+02 4.836e+01 5.834e+01 1.882e+02 1.633e-01 3.251e-01 4.969e-04 1.628e-01 2.946e-03 1.584e-01
2.981e+02 3.467e+02 4.853e+01 5.813e+01 1.875e+02 1.642e-01 3.269e-01 5.024e-04 1.637e-01 2.963e-03 1.593e-01
2.981e+02 3.468e+02 4.871e+01 5.793e+01 1.869e+02 1.651e-01 3.287e-01 5.079e-04 1.646e-01 2.981e-03 1.602e-01
2.980e+02 3.469e+02 4.889e+01 5.772e+01 1.862e+02 1.660e-01 3.305e-01 5.134e-04 1.655e-01 2.998e-03 1.611e-01
2.979e+02 3.470e+02 4.906e+01 5.752e+01 1.855e+02 1.669e-01 3.323e-01 5.190e-04 1.664e-01 3.016e-03 1.620e-01
2.978e+02 3.471e+02 4.924e+01 5.731e+01 1.849e+02 1.678e-01 3.341e-01 5.246e-04 1.673e-01 3.034e-03 1.629e-01
2.977e+02 3.472e+02 4.941e+01 5.711e+01 1.842e+02 1.688e-01 3.359e-01 5.301e-04 1.682e-01 3.053e-03 1.638e-01
2.977e+02 3.472e+02 4.958e+01 5.690e+01 1.836e+02 1.697e-01 3.377e-01 5.358e-04 1.691e-01 3.071e-03 1.647e-01
2.976e+02 3.473e+02 4.976e+01 5.670e+01 1.829e+02 1.706e-01 3.395e-01 5.414e-04 1.700e-01 3.090e-03 1.656e-01
2.975e+02 3.474e+02 4.993e+01 5.649e+01 1.822e+02 1.715e-01 3.413e-01 5.470e-04 1.709e-01 3.109e-03 1.665e-01
2.974e+02 3.475e+02 5.010e+01 5.629e+01 1.816e+02 1.724e-01 3.431e-01 5.527e-04 1.718e-01 3.128e-03 1.674e-01
2.973e+02 3.476e+02 5.027e+01 5.608e+01 1.809e+02 1.733e-01 3.449e-01 5.584e-04 1.727e-01 3.147e-03 1.683e-01
2.973e+02 3.477e+02 5.044e+01 5.588e+01 1.803e+02 1.742e-01 3.467e-01 5.641e-04 1.736e-01 3.167e-03 1.692e-01
2.972e+02 3.478e+02 5.061e+01 5.567e+01 1.796e+02 1.751e-01 3.485e-01 5.699e-04 1.745e-01 3.186e-03 1.701e-01
2.971e+02 3.479e+02 5.078e+01 5.547e+01 1.789e+02 1.760e-01 3.503e-01 5.756e-04 1.754e-01 3.206e-03 1.710e-01
2.970e+02 3.480e+02 5.095e+01 5.526e+01 1.783e+02 1.769e-01 3.520e-01 5.814e-04 1.763e-01 3.226e-03 1.719e-01
2.970e+02 3.481e+02 5.112e+01 5.506e+01 1.776e+02 1.778e-01 3.538e-01 5.872e-04 1.772e-01 3.247e-03 1.727e-01
2.969e+02 3.482e+02 5.129e+01 5.485e+01 1.769e+02 1.787e-01 3.556e-01 5.930e-04 1.781e-01 3.267e-03 1.736e-01
2.968e+02 3.483e+02 5.146e+01 5.465e+01 1.763e+02 1.796e-01 3.574e-01 5.989e-04 1.790e-01 3.288e-03 1.745e-01
2.968e+02 3.484e+02 5.163e+01 5.444e+01 1.756e+02 1.805e-01 3.592e-01 6.047e-04 1.799e-01 3.309e-03 1.754e-01
2.967e+02 3.485e+02 5.179e+01 5.424e+01 1.750e+02 1.814e-01 3.609e-01 6.106e-04 1.808e-01 3.331e-03 1.763e-01
2.966e+02 3.486e+02 5.196e+01 5.403e+01 1.743e+02 1.823e-01 3.627e-01 6.165e-04 1.817e-01 3.352e-03 1.772e-01
2.965e+02 3.487e+02 5.212e+01 5.383e+01 1.736e+02 1.832e-01 3.645e-01 6.224e-04 1.826e-01 3.374e-03 1.781e-01
2.965e+02 3.488e+02 5.229e+01 5.362e+01 1.730e+02 1.841e-01 3.663e-01 6.284e-04 1.834e-01 3.397e-03 1.789e-01
2.964e+02 3.489e+02 5.245e+01 5.342e+01 1.723e+02 1.850e-01 3.680e-01 6.343e-04 1.843e-01 3.419e-03 1.798e-01
2.963e+02 3.490e+02 5.262e+01 5.321e+01 1.717e+02 1.859e-01 3.698e-01 6.403e-04 1.852e-01 3.442e-03 1.807e-01
2.963e+02 3.490e+02 5.278e+01 5.301e+01 1.710e+02 1.867e-01 3.716e-01 6.463e-04 1.861e-01 3.465e-03 1.816e-01
2.962e+02 3.491e+02 5.295e+01 5.280e+01 1.703e+02 1.876e-01 3.733e-01 6.523e-04 1.870e-01 3.489e-03 1.825e-01
2.961e+02 3.492e+02 5.311e+01 5.260e+01 1.697e+02 1.885e-01 3.751e-01 6.583e-04 1.879e-01 3.512e-03 1.833e-01
2.961e+02 3.493e+02 5.327e+01 5.239e+01 1.690e+02 1.894e-01 3.768e-01 6.644e-04 1.888e-01 3.536e-03 1.842e-01
2.960e+02 3.494e+02 5.343e+01 5.219e+01 1.684e+02 1.903e-01 3.786e-01 6.704e-04 1.896e-01 3.561e-03 1.851e-01
2.959e+02 3.495e+02 5.359e+01 5.198e+01 1.677e+02 1.912e-01 3.804e-01 6.765e-04 1.905e-01 3.585e-03 1.860e-01
2.959e+02 3.496e+02 5.375e+01 5.178e+01 1.670e+02 1.921e-01 3.821e-01 6.826e-04 1.914e-01 3.610e-03 1.869e-01
2.958e+02 3.497e+02 5.391e+01 5.157e+01 1.664e+02 1.930e-01 3.839e-01 6.888e-04 1.923e-01 3.636e-03 1.877e-01
2.958e+02 3.498e+02 5.407e+01 5.137e+01 1.657e+02 1.939e-01 3.856e-01 6.949e-04 1.932e-01 3.662e-03 1.886e-01
2.957e+02 3.499e+02 5.423e+01 5.116e+01 1.650e+02 1.947e-01 3.874e-01 7.010e-04 1.940e-01 3.688e-03 1.895e-01
2.956e+02 3.500e+02 5.439e+01 5.096e+01 1.644e+02 1.956e-01 3.891e-01 7.072e-04 1.949e-01 3.714e-03 1.904e-01
2.956e+02 3.501e+02 5.455e+01 5.075e+01 1.637e+02 1.965e-01 3.909e-01 7.134e-04 1.958e-01 3.741e-03 1.912e-01
2.955e+02 3.502e+02 5.471e+01 5.055e+01 1.631e+02 1.974e-01 3.926e-01 7.196e-04 1.967e-01 3.768e-03 1.921e-01
2.955e+02 3.503e+02 5.486e+01 5.034e+01 1.624e+02 1.983e-01 3.944e-01 7.258e-04 1.976e-01 3.796e-03 1.930e-01
2.954e+02 3.504e+02 5.502e+01 5.014e+01 1.617e+02 1.992e-01 3.961e-01 7.321e-04 1.984e-01 3.824e-03 1.939e-01
2.953e+02 3.505e+02 5.518e+01 4.993e+01 1.611e+02 2.000e-01 3.979e-01 7.383e-04 1.993e-01 3.853e-03 1.947e-01
2.953e+02 3.506e+02 5.533e+01 4.973e+01 1.604e+02 2.009e-01 3.996e-01 7.446e-04 2.002e-01 3.882e-03 1.956e-01
2.952e+02 3.507e+02 5.549e+01 4.952e+01 1.598e+02 2.018e-01 4.014e-01 7.509e-04 2.011e-01 3.911e-03 1.965e-01
2.952e+02 3.508e+02 5.564e+01 4.932e+01 1.591e+02 2.027e-01 4.031e-01 7.572e-04 2.019e-01 3.941e-03 1.973e-01
2.951e+02 3.509e+02 5.580e+01 4.911e+01 1.584e+02 2.036e-01 4.048e-01 7.635e-04 2.028e-01 3.971e-03 1.982e-01
2.951e+02 3.510e+02 5.595e+01 4.891e+01 1.578e+02 2.044e-01 4.066e-01 7.699e-04 2.037e-01 4.002e-03 1.991e-01
2.950e+02 3.511e+02 5.611e+01 4.870e+01 1.571e+02 2.053e-01 4.083e-01 7.762e-04 2.045e-01 4.033e-03 2.000e-01
2.950e+02 3.512e+02 5.626e+01 4.850e+01 1.564e+02 2.062e-01 4.100e-01 7.826e-04 2.054e-01 4.064e-03 2.008e-01
2.949e+02 3.513e+02 5.641e+01 4.829e+01 1.558e+02 2.071e-01 4.118e-01 7.890e-04 2.063e-01 4.096e-03 2.017e-01
2.949e+02 3.514e+02 5.656e+01 4.809e+01 1.551e+02 2.080e-01 4.135e-01 7.954e-04 2.072e-01 4.129e-03 2.026e-01
2.948e+02 3.515e+02 5.671e+01 4.788e+01 1.545e+02 2.088e-01 4.153e-01 8.018e-04 2.080e-01 4.162e-03 2.034e-01
2.948e+02 3.516e+02 5.687e+01 4.768e+01 1.538e+02 2.097e-01 4.170e-01 8.082e-04 2.089e-01 4.196e-03 2.043e-01
2.947e+02 3.517e+02 5.702e+01 4.747e+01 1.531e+02 2.106e-01 4.187e-01 8.146e-04 2.098e-01 4.230e-03 2.052e-01
2.947e+02 3.519e+02 5.717e+01 4.727e+01 1.525e+02 2.115e-01 4.204e-01 8.211e-04 2.106e-01 4.265e-03 2.060e-01
2.946e+02 3.520e+02 5.732e+01 4.706e+01 1.518e+02 2.123e-01 4.222e-01 8.276e-04 2.115e-01 4.300e-03 2.069e-01
2.946e+02 3.521e+02 5.747e+01 4.686e+01 1.512e+02 2.132e-01 4.239e-01 8.340e-04 2.124e-01 4.336e-03 2.078e-01
2.946e+02 3.522e+02 5.761e+01 4.665e+01 1.505e+02 2.141e-01 4.256e-01 8.405e-04 2.132e-01 4.372e-03 2.086e-01
2.945e+02 3.523e+02 5.776e+01 4.645e+01 1.498e+02 2.149e-01 4.274e-01 8.471e-04 2.141e-01 4.409e-03 2.095e-01
2.945e+02 3.524e+02 5.791e+01 4.624e+01 1.492e+02 2.158e-01 4.291e-01 8.536e-04 2.150e-01 4.446e-03 2.104e-01
2.944e+02 3.525e+02 5.806e+01 4.604e+01 1.485e+02 2.167e-01 4.308e-01 8.601e-04 2.158e-01 4.484e-03 2.112e-01
2.944e+02 3.526e+02 5.821e+01 4.583e+01 1.478e+02 2.176e-01 4.325e-01 8.667e-04 2.167e-01 4.523e-03 2.121e-01
2.944e+02 3.527e+02 5.835e+01 4.563e+01 1.472e+02 2.184e-01 4.343e-01 8.733e-04 2.176e-01 4.562e-03 2.130e-01
2.943e+02 3.528e+02 5.850e+01 4.542e+01 1.465e+02 2.193e-01 4.360e-01 8.798e-04 2.184e-01 4.602e-03 2.138e-01
2.943e+02 3.529e+02 5.864e+01 4.522e+01 1.459e+02 2.202e-01 4.377e-01 8.864e-04 2.193e-01 4.643e-03 2.147e-01
2.943e+02 3.530e+02 5.879e+01 4.501e+01 1.452e+02 2.211e-01 4.394e-01 8.931e-04 2.202e-01 4.684e-03 2.155e-01
2.942e+02 3.532e+02 5.893e+01 4.481e+01 1.445e+02 2.219e-01 4.412e-01 8.997e-04 2.210e-01 4.726e-03 2.164e-01
2.942e+02 3.533e+02 5.908e+01 4.460e+01 1.439e+02 2.228e-01 4.429e-01 9.063e-04 2.219e-01 4.768e-03 2.173e-01
2.942e+02 3.534e+02 5.922e+01 4.440e+01 1.432e+02 2.237e-01 4.446e-01 9.130e-04 2.228e-01 4.812e-03 2.181e-01
2.941e+02 3.535e+02 5.937e+01 4.419e+01 1.426e+02 2.245e-01 4.463e-01 9.196e-04 2.236e-01 4.855e-03 2.190e-01
2.941e+02 3.536e+02 5.951e+01 4.399e+01 1.419e+02 2.254e-01 4.480e-01 9.263e-04 2.245e-01 4.900e-03 2.199e-01
2.941e+02 3.537e+02 5.965e+01 4.378e+01 1.412e+02 2.263e-01 4.498e-01 9.330e-04 2.253e-01 4.945e-03 2.207e-01
2.940e+02 3.538e+02 5.980e+01 4.358e+01 1.406e+02 2.272e-01 4.515e-01 9.397e-04 2.262e-01 4.992e-03 2.216e-01
2.940e+02 3.540e+02 5.994e+01 4.337e+01 1.399e+02 2.280e-01 4.532e-01 9.464e-04 2.271e-01 5.038e-03 2.225e-01
2.940e+02 3.541e+02 6.008e+01 4.317e+01 1.392e+02 2.289e-01 4.549e-01 9.531e-04 2.279e-01 5.086e-03 2.233e-01
2.940e+02 3.542e+02 6.022e+01 4.296e+01 1.386e+02 2.298e-01 4.566e-01 9.599e-04 2.288e-01 5.134e-03 2.242e-01
2.939e+02 3.543e+02 6.036e+01 4.276e+01 1.379e+02 2.306e-01 4.584e-01 9.666e-04 2.297e-01 5.184e-03 2.251e-01
2.939e+02 3.544e+02 6.050e+01 4.255e+01 1.373e+02 2.315e-01 4.601e-01 9.734e-04 2.305e-01 5.234e-03 2.259e-01
2.939e+02 3.545e+02 6.064e+01 4.235e+01 1.366e+02 2.324e-01 4.618e-01 9.802e-04 2.314e-01 5.285e-03 2.268e-01
2.939e+02 3.547e+02 6.078e+01 4.214e+01 1.359e+02 2.332e-01 4.635e-01 9.870e-04 2.323e-01 5.336e-03 2.277e-01
2.939e+02 3.548e+02 6.092e+01 4.194e+01 1.353e+02 2.341e-01 4.653e-01 9.938e-04 2.331e-01 5.389e-03 2.285e-01
2.938e+02 3.549e+02 6.106e+01 4.173e+01 1.346e+02 2.350e-01 4.670e-01 1.001e-03 2.340e-01 5.442e-03 2.294e-01
2.938e+02 3.550e+02 6.120e+01 4.153e+01 1.340e+02 2.359e-01 4.687e-01 1.007e-03 2.349e-01 5.497e-03 2.303e-01
2.938e+02 3.552e+02 6.134e+01 4.132e+01 1.333e+02 2.367e-01 4.704e-01 1.014e-03 2.357e-01 5.552e-03 2.311e-01
2.938e+02 3.553e+02 6.148e+01 4.112e+01 1.326e+02 2.376e-01 4.722e-01 1.021e-03 2.366e-01 5.608e-03 2.320e-01
2.938e+02 3.554e+02 6.161e+01 4.091e+01 1.320e+02 2.385e-01 4.739e-01 1.028e-03 2.375e-01 5.665e-03 2.329e-01
2.938e+02 3.555e+02 6.175e+01 4.071e+01 1.313e+02 2.394e-01 4.756e-01 1.035e-03 2.383e-01 5.723e-03 2.338e-01
2.938e+02 3.557e+02 6.189e+01 4.050e+01 1.307e+02 2.402e-01 4.773e-01 1.042e-03 2.392e-01 5.782e-03 2.346e-01
2.938e+02 3.558e+02 6.202e+01 4.030e+01 1.300e+02 2.411e-01 4.791e-01 1.049e-03 2.401e-01 5.842e-03 2.355e-01
2.938e+02 3.559e+02 6.216e+01 4.009e+01 1.293e+02 2.420e-01 4.808e-01 1.056e-03 2.409e-01 5.903e-03 2.364e-01
2.938e+02 3.561e+02 6.229e+01 3.989e+01 1.287e+02 2.429e-01 4.825e-01 1.062e-03 2.418e-01 5.965e-03 2.372e-01
2.938e+02 3.562e+02 6.243e+01 3.968e+01 1.280e+02 2.437e-01 4.843e-01 1.069e-03 2.427e-01 6.028e-03 2.381e-01
2.938e+02 3.563e+02 6.256e+01 3.948e+01 1.273e+02 2.446e-01 4.860e-01 1.076e-03 2.435e-01 6.092e-03 2.390e-01
2.938e+02 3.565e+02 6.270e+01 3.927e+01 1.267e+02 2.455e-01 4.877e-01 1.083e-03 2.444e-01 6.157e-03 2.399e-01
2.938e+02 3.566e+02 6.283e+01 3.907e+01 1.260e+02 2.464e-01 4.895e-01 1.090e-03 2.453e-01 6.224e-03 2.408e-01
2.938e+02 3.567e+02 6.297e+01 3.886e+01 1.254e+02 2.472e-01 4.912e-01 1.097e-03 2.462e-01 6.291e-03 2.416e-01
2.938e+02 3.569e+02 6.310e+01 3.866e+01 1.247e+02 2.481e-01 4.929e-01 1.104e-03 2.470e-01 6.360e-03 2.425e-01
2.938e+02 3.570e+02 6.323e+01 3.845e+01 1.240e+02 2.490e-01 4.947e-01 1.111e-03 2.479e-01 6.429e-03 2.434e-01
2.938e+02 3.571e+02 6.337e+01 3.825e+01 1.234e+02 2.499e-01 4.964e-01 1.118e-03 2.488e-01 6.500e-03 2.443e-01
2.938e+02 3.573e+02 6.350e+01 3.804e+01 1.227e+02 2.508e-01 4.982e-01 1.125e-03 2.497e-01 6.573e-03 2.452e-01
2.938e+02 3.574e+02 6.363e+01 3.784e+01 1.221e+02 2.517e-01 4.999e-01 1.132e-03 2.505e-01 6.646e-03 2.460e-01
2.938e+02 3.576e+02 6.376e+01 3.763e+01 1.214e+02 2.525e-01 5.017e-01 1.140e-03 2.514e-01 6.721e-03 2.469e-01
2.938e+02 3.577e+02 6.390e+01 3.743e+01 1.207e+02 2.534e-01 5.034e-01 1.147e-03 2.523e-01 6.797e-03 2.478e-01
2.938e+02 3.579e+02 6.403e+01 3.722e+01 1.201e+02 2.543e-01 5.052e-01 1.154e-03 2.532e-01 6.874e-03 2.487e-01
2.938e+02 3.580e+02 6.416e+01 3.702e+01 1.194e+02 2.552e-01 5.069e-01 1.161e-03 2.541e-01 6.952e-03 2.496e-01
2.939e+02 3.581e+02 6.429e+01 3.681e+01 1.187e+02 2.561e-01 5.087e-01 1.168e-03 2.549e-01 7.032e-03 2.505e-01
2.939e+02 3.583e+02 6.442e+01 3.661e+01 1.181e+02 2.570e-01 5.105e-01 1.175e-03 2.558e-01 7.114e-03 2.514e-01
2.939e+02 3.584e+02 6.455e+01 3.640e+01 1.174e+02 2.579e-01 5.122e-01 1.182e-03 2.567e-01 7.196e-03 2.523e-01
2.939e+02 3.586e+02 6.468e+01 3.620e+01 1.168e+02 2.588e-01 5.140e-01 1.189e-03 2.576e-01 7.281e-03 2.532e-01
2.939e+02 3.588e+02 6.481e+01 3.599e+01 1.161e+02 2.597e-01 5.158e-01 1.197e-03 2.585e-01 7.366e-03 2.541e-01
2.940e+02 3.589e+02 6.494e+01 3.579e+01 1.154e+02 2.606e-01 5.176e-01 1.204e-03 2.594e-01 7.453e-03 2.550e-01
2.940e+02 3.591e+02 6.507e+01 3.558e+01 1.148e+02 2.615e-01 5.193e-01 1.211e-03 2.603e-01 7.542e-03 2.559e-01
2.940e+02 3.592e+02 6.520e+01 3.538e+01 1.141e+02 2.624e-01 5.211e-01 1.218e-03 2.612e-01 7.632e-03 2.568e-01
2.941e+02 3.594e+02 6.533e+01 3.517e+01 1.135e+02 2.633e-01 5.229e-01 1.225e-03 2.621e-01 7.724e-03 2.577e-01
2.941e+02 3.595e+02 6.546e+01 3.497e+01 1.128e+02 2.642e-01 5.247e-01 1.233e-03 2.630e-01 7.818e-03 2.586e-01
2.941e+02 3.597e+02 6.558e+01 3.476e+01 1.121e+02 2.651e-01 5.265e-01 1.240e-03 2.639e-01 7.913e-03 2.595e-01
2.942e+02 3.599e+02 6.571e+01 3.456e+01 1.115e+02 2.660e-01 5.283e-01 1.247e-03 2.648e-01 8.009e-03 2.605e-01
2.942e+02 3.600e+02 6.584e+01 3.435e+01 1.108e+02 2.669e-01 5.301e-01 1.254e-03 2.657e-01 8.108e-03 2.614e-01
2.942e+02 3.602e+02 6.597e+01 3.415e+01 1.101e+02 2.679e-01 5.319e-01 1.262e-03 2.666e-01 8.208e-03 2.623e-01
2.943e+02 3.604e+02 6.609e+01 3.394e+01 1.095e+02 2.688e-01 5.337e-01 1.269e-03 2.675e-01 8.310e-03 2.632e-01
2.943e+02 3.606e+02 6.622e+01 3.374e+01 1.088e+02 2.697e-01 5.356e-01 1.276e-03 2.684e-01 8.414e-03 2.642e-01
2.944e+02 3.607e+02 6.635e+01 3.353e+01 1.082e+02 2.706e-01 5.374e-01 1.284e-03 2.693e-01 8.520e-03 2.651e-01
2.944e+02 3.609e+02 6.648e+01 3.333e+01 1.075e+02 2.716e-01 5.392e-01 1.291e-03 2.703e-01 8.627e-03 2.660e-01
2.945e+02 3.611e+02 6.660e+01 3.312e+01 1.068e+02 2.725e-01 5.411e-01 1.299e-03 2.712e-01 8.737e-03 2.670e-01
2.945e+02 3.613e+02 6.673e+01 3.292e+01 1.062e+02 2.734e-01 5.429e-01 1.306e-03 2.721e-01 8.848e-03 2.679e-01
2.946e+02 3.614e+02 6.686e+01 3.271e+01 1.055e+02 2.744e-01 5.448e-01 1.313e-03 2.730e-01 8.962e-03 2.688e-01
2.946e+02 3.616e+02 6.698e+01 3.251e+01 1.049e+02 2.753e-01 5.466e-01 1.321e-03 2.740e-01 9.078e-03 2.698e-01
2.947e+02 3.618e+02 6.711e+01 3.230e+01 1.042e+02 2.762e-01 5.485e-01 1.328e-03 2.749e-01 9.195e-03 2.707e-01
2.948e+02 3.620e+02 6.723e+01 3.210e+01 1.035e+02 2.772e-01 5.504e-01 1.336e-03 2.758e-01 9.315e-03 2.717e-01
2.948e+02 3.622e+02 6.736e+01 3.189e+01 1.029e+02 2.781e-01 5.522e-01 1.343e-03 2.768e-01 9.437e-03 2.727e-01
2.949e+02 3.624e+02 6.748e+01 3.169e+01 1.022e+02 2.791e-01 5.541e-01 1.351e-03 2.777e-01 9.562e-03 2.736e-01
2.950e+02 3.626e+02 6.761e+01 3.148e+01 1.015e+02 2.800e-01 5.560e-01 1.358e-03 2.787e-01 9.688e-03 2.746e-01
2.950e+02 3.628e+02 6.774e+01 3.128e+01 1.009e+02 2.810e-01 5.579e-01 1.366e-03 2.796e-01 9.817e-03 2.756e-01
2.951e+02 3.630e+02 6.786e+01 3.107e+01 1.002e+02 2.820e-01 5.598e-01 1.374e-03 2.806e-01 9.948e-03 2.765e-01
2.952e+02 3.632e+02 6.799e+01 3.087e+01 9.956e+01 2.829e-01 5.617e-01 1.381e-03 2.816e-01 1.008e-02 2.775e-01
2.953e+02 3.634e+02 6.811e+01 3.066e+01 9.890e+01 2.839e-01 5.637e-01 1.389e-03 2.825e-01 1.022e-02 2.785e-01
2.953e+02 3.636e+02 6.824e+01 3.046e+01 9.824e+01 2.849e-01 5.656e-01 1.396e-03 2.835e-01 1.036e-02 2.795e-01
2.954e+02 3.638e+02 6.836e+01 3.025e+01 9.758e+01 2.859e-01 5.675e-01 1.404e-03 2.845e-01 1.050e-02 2.805e-01
2.955e+02 3.640e+02 6.849e+01 3.004e+01 9.692e+01 2.869e-01 5.695e-01 1.412e-03 2.855e-01 1.064e-02 2.815e-01
2.956e+02 3.642e+02 6.861e+01 2.984e+01 9.626e+01 2.879e-01 5.715e-01 1.420e-03 2.864e-01 1.079e-02 2.825e-01
2.957e+02 3.644e+02 6.873e+01 2.963e+01 9.560e+01 2.889e-01 5.734e-01 1.427e-03 2.874e-01 1.094e-02 2.835e-01
2.958e+02 3.646e+02 6.886e+01 2.943e+01 9.494e+01 2.899e-01 5.754e-01 1.435e-03 2.884e-01 1.109e-02 2.846e-01
2.959e+02 3.649e+02 6.898e+01 2.922e+01 9.427e+01 2.909e-01 5.774e-01 1.443e-03 2.894e-01 1.125e-02 2.856e-01
2.960e+02 3.651e+02 6.911e+01 2.902e+01 9.361e+01 2.919e-01 5.794e-01 1.451e-03 2.904e-01 1.141e-02 2.866e-01
2.961e+02 3.653e+02 6.923e+01 2.881e+01 9.295e+01 2.929e-01 5.814e-01 1.459e-03 2.914e-01 1.157e-02 2.877e-01
2.962e+02 3.655e+02 6.936e+01 2.861e+01 9.229e+01 2.939e-01 5.835e-01 1.467e-03 2.925e-01 1.173e-02 2.887e-01
2.963e+02 3.658e+02 6.948e+01 2.840e+01 9.163e+01 2.950e-01 5.855e-01 1.474e-03 2.935e-01 1.190e-02 2.898e-01
2.964e+02 3.660e+02 6.961e+01 2.820e+01 9.097e+01 2.960e-01 5.876e-01 1.482e-03 2.945e-01 1.207e-02 2.908e-01
2.965e+02 3.662e+02 6.973e+01 2.799e+01 9.031e+01 2.970e-01 5.896e-01 1.490e-03 2.956e-01 1.225e-02 2.919e-01
2.966e+02 3.665e+02 6.986e+01 2.779e+01 8.964e+01 2.981e-01 5.917e-01 1.498e-03 2.966e-01 1.242e-02 2.930e-01
2.967e+02 3.667e+02 6.998e+01 2.758e+01 8.898e+01 2.992e-01 5.938e-01 1.507e-03 2.977e-01 1.260e-02 2.940e-01
2.969e+02 3.670e+02 7.011e+01 2.738e+01 8.832e+01 3.002e-01 5.959e-01 1.515e-03 2.987e-01 1.279e-02 2.951e-01
2.970e+02 3.672e+02 7.023e+01 2.717e+01 8.766e+01 3.013e-01 5.980e-01 1.523e-03 2.998e-01 1.298e-02 2.962e-01
2.971e+02 3.675e+02 7.036e+01 2.697e+01 8.700e+01 3.024e-01 6.002e-01 1.531e-03 3.009e-01 1.317e-02 2.973e-01
2.973e+02 3.677e+02 7.049e+01 2.676e+01 8.634e+01 3.035e-01 6.023e-01 1.539e-03 3.019e-01 1.337e-02 2.985e-01
2.974e+02 3.680e+02 7.061e+01 2.656e+01 8.568e+01 3.046e-01 6.045e-01 1.547e-03 3.030e-01 1.357e-02 2.996e-01
2.975e+02 3.683e+02 7.074e+01 2.635e+01 8.501e+01 3.057e-01 6.067e-01 1.556e-03 3.041e-01 1.377e-02 3.007e-01
2.977e+02 3.685e+02 7.086e+01 2.615e+01 8.435e+01 3.068e-01 6.089e-01 1.564e-03 3.052e-01 1.398e-02 3.019e-01
2.978e+02 3.688e+02 7.099e+01 2.594e+01 8.369e+01 3.079e-01 6.111e-01 1.572e-03 3.064e-01 1.419e-02 3.030e-01
2.980e+02 3.691e+02 7.112e+01 2.574e+01 8.303e+01 3.091e-01 6.134e-01 1.581e-03 3.075e-01 1.441e-02 3.042e-01
2.981e+02 3.694e+02 7.124e+01 2.553e+01 8.237e+01 3.102e-01 6.156e-01 1.589e-03 3.086e-01 1.463e-02 3.054e-01
2.983e+02 3.697e+02 7.137e+01 2.533e+01 8.171e+01 3.114e-01 6.179e-01 1.598e-03 3.098e-01 1.486e-02 3.066e-01
2.985e+02 3.700e+02 7.150e+01 2.512e+01 8.105e+01 3.125e-01 6.202e-01 1.607e-03 3.109e-01 1.509e-02 3.078e-01
2.986e+02 3.703e+02 7.163e+01 2.492e+01 8.038e+01 3.137e-01 6.226e-01 1.615e-03 3.121e-01 1.533e-02 3.090e-01
2.988e+02 3.706e+02 7.176e+01 2.471e+01 7.972e+01 3.149e-01 6.249e-01 1.624e-03 3.133e-01 1.557e-02 3.102e-01
2.990e+02 3.709e+02 7.188e+01 2.451e+01 7.906e+01 3.161e-01 6.273e-01 1.633e-03 3.145e-01 1.582e-02 3.114e-01
2.992e+02 3.712e+02 7.201e+01 2.430e+01 7.840e+01 3.173e-01 6.297e-01 1.641e-03 3.157e-01 1.607e-02 3.127e-01
2.993e+02 3.715e+02 7.214e+01 2.410e+01 7.774e+01 3.185e-01 6.321e-01 1.650e-03 3.169e-01 1.632e-02 3.139e-01
2.995e+02 3.718e+02 7.227e+01 2.389e+01 7.708e+01 3.198e-01 6.345e-01 1.659e-03 3.181e-01 1.659e-02 3.152e-01
2.997e+02 3.721e+02 7.240e+01 2.369e+01 7.642e+01 3.210e-01 6.370e-01 1.668e-03 3.193e-01 1.686e-02 3.165e-01
2.999e+02 3.725e+02 7.253e+01 2.348e+01 7.575e+01 3.223e-01 6.395e-01 1.677e-03 3.206e-01 1.713e-02 3.178e-01
3.001e+02 3.728e+02 7.267e+01 2.328e+01 7.509e+01 3.235e-01 6.420e-01 1.686e-03 3.218e-01 1.741e-02 3.191e-01
3.003e+02 3.731e+02 7.280e+01 2.307e+01 7.443e+01 3.248e-01 6.446e-01 1.696e-03 3.231e-01 1.770e-02 3.205e-01
3.005e+02 3.735e+02 7.293e+01 2.287e+01 7.377e+01 3.261e-01 6.471e-01 1.705e-03 3.244e-01 1.799e-02 3.218e-01
3.008e+02 3.738e+02 7.306e+01 2.266e+01 7.311e+01 3.274e-01 6.498e-01 1.714e-03 3.257e-01 1.829e-02 3.232e-01
3.010e+02 3.742e+02 7.320e+01 2.246e+01 7.245e+01 3.288e-01 6.524e-01 1.724e-03 3.271e-01 1.860e-02 3.246e-01
3.012e+02 3.746e+02 7.333e+01 2.225e+01 7.179e+01 3.301e-01 6.551e-01 1.733e-03 3.284e-01 1.891e-02 3.260e-01
3.015e+02 3.749e+02 7.347e+01 2.205e+01 7.112e+01 3.315e-01 6.578e-01 1.743e-03 3.298e-01 1.923e-02 3.274e-01
3.017e+02 3.753e+02 7.360e+01 2.184e+01 7.046e+01 3.329e-01 6.605e-01 1.753e-03 3.311e-01 1.956e-02 3.289e-01
3.019e+02 3.757e+02 7.374e+01 2.164e+01 6.980e+01 3.343e-01 6.633e-01 1.762e-03 3.325e-01 1.990e-02 3.304e-01
3.022e+02 3.761e+02 7.388e+01 2.143e+01 6.914e+01 3.357e-01 6.661e-01 1.772e-03 3.339e-01 2.025e-02 3.319e-01
3.025e+02 3.765e+02 7.402e+01 2.123e+01 6.848e+01 3.372e-01 6.690e-01 1.782e-03 3.354e-01 2.060e-02 3.334e-01
3.027e+02 3.769e+02 7.415e+01 2.102e+01 6.782e+01 3.386e-01 6.719e-01 1.792e-03 3.368e-01 2.096e-02 3.349e-01
3.030e+02 3.773e+02 7.430e+01 2.082e+01 6.716e+01 3.401e-01 6.748e-01 1.802e-03 3.383e-01 2.133e-02 3.365e-01
3.033e+02 3.777e+02 7.444e+01 2.061e+01 6.649e+01 3.416e-01 6.778e-01 1.813e-03 3.398e-01 2.171e-02 3.380e-01
3.036e+02 3.781e+02 7.458e+01 2.041e+01 6.583e+01 3.431e-01 6.808e-01 1.823e-03 3.413e-01 2.210e-02 3.396e-01
3.039e+02 3.786e+02 7.472e+01 2.020e+01 6.517e+01 3.447e-01 6.839e-01 1.834e-03 3.429e-01 2.250e-02 3.413e-01
3.042e+02 3.790e+02 7.487e+01 2.000e+01 6.451e+01 3.463e-01 6.870e-01 1.844e-03 3.444e-01 2.291e-02 3.429e-01
3.045e+02 3.795e+02 7.501e+01 1.979e+01 6.385e+01 3.479e-01 6.902e-01 1.855e-03 3.460e-01 2.332e-02 3.446e-01
3.048e+02 3.799e+02 7.516e+01 1.959e+01 6.319e+01 3.495e-01 6.934e-01 1.866e-03 3.476e-01 2.375e-02 3.463e-01
3.051e+02 3.804e+02 7.531e+01 1.938e+01 6.253e+01 3.512e-01 6.967e-01 1.877e-03 3.493e-01 2.420e-02 3.481e-01
3.054e+02 3.809e+02 7.546e+01 1.918e+01 6.186e+01 3.528e-01 7.000e-01 1.888e-03 3.509e-01 2.465e-02 3.499e-01
3.058e+02 3.814e+02 7.561e+01 1.897e+01 6.120e+01 3.545e-01 7.034e-01 1.900e-03 3.526e-01 2.511e-02 3.517e-01
3.061e+02 3.819e+02 7.576e+01 1.877e+01 6.054e+01 3.563e-01 7.068e-01 1.911e-03 3.544e-01 2.559e-02 3.535e-01
3.065e+02 3.824e+02 7.591e+01 1.856e+01 5.988e+01 3.581e-01 7.103e-01 1.923e-03 3.561e-01 2.608e-02 3.554e-01
3.068e+02 3.829e+02 7.607e+01 1.836e+01 5.922e+01 3.599e-01 7.139e-01 1.935e-03 3.579e-01 2.658e-02 3.573e-01
3.072e+02 3.834e+02 7.623e+01 1.815e+01 5.856e+01 3.617e-01 7.176e-01 1.947e-03 3.597e-01 2.710e-02 3.593e-01
3.076e+02 3.840e+02 7.639e+01 1.795e+01 5.790e+01 3.636e-01 7.213e-01 1.959e-03 3.616e-01 2.763e-02 3.613e-01
3.080e+02 3.845e+02 7.655e+01 1.774e+01 5.724e+01 3.655e-01 7.250e-01 1.971e-03 3.635e-01 2.817e-02 3.633e-01
3.084e+02 3.851e+02 7.671e+01 1.754e+01 5.657e+01 3.674e-01 7.289e-01 1.984e-03 3.654e-01 2.874e-02 3.654e-01
3.088e+02 3.857e+02 7.687e+01 1.733e+01 5.591e+01 3.694e-01 7.328e-01 1.997e-03 3.674e-01 2.931e-02 3.676e-01
3.092e+02 3.863e+02 7.704e+01 1.713e+01 5.525e+01 3.714e-01 7.368e-01 2.010e-03 3.694e-01 2.991e-02 3.697e-01
3.097e+02 3.869e+02 7.721e+01 1.692e+01 5.459e+01 3.735e-01 7.409e-01 2.023e-03 3.715e-01 3.052e-02 3.720e-01
3.101e+02 3.875e+02 7.738e+01 1.672e+01 5.393e+01 3.756e-01 7.451e-01 2.036e-03 3.736e-01 3.115e-02 3.742e-01
3.106e+02 3.881e+02 7.755e+01 1.651e+01 5.327e+01 3.778e-01 7.494e-01 2.050e-03 3.757e-01 3.180e-02 3.766e-01
3.111e+02 3.888e+02 7.773e+01 1.631e+01 5.261e+01 3.800e-01 7.538e-01 2.064e-03 3.779e-01 3.246e-02 3.790e-01
3.115e+02 3.895e+02 7.791e+01 1.610e+01 5.194e+01 3.822e-01 7.582e-01 2.078e-03 3.802e-01 3.315e-02 3.814e-01
3.120e+02 3.901e+02 7.809e+01 1.590e+01 5.128e+01 3.846e-01 7.628e-01 2.093e-03 3.825e-01 3.386e-02 3.839e-01
3.126e+02 3.908e+02 7.827e+01 1.569e+01 5.062e+01 3.869e-01 7.675e-01 2.108e-03 3.848e-01 3.459e-02 3.865e-01
3.131e+02 3.915e+02 7.846e+01 1.549e+01 4.996e+01 3.893e-01 7.723e-01 2.123e-03 3.872e-01 3.535e-02 3.891e-01
3.136e+02 3.923e+02 7.865e+01 1.528e+01 4.930e+01 3.918e-01 7.772e-01 2.138e-03 3.897e-01 3.613e-02 3.918e-01
3.142e+02 3.930e+02 7.884e+01 1.508e+01 4.864e+01 3.944e-01 7.823e-01 2.154e-03 3.922e-01 3.693e-02 3.946e-01
3.148e+02 3.938e+02 7.904e+01 1.487e+01 4.798e+01 3.970e-01 7.874e-01 2.170e-03 3.948e-01 3.777e-02 3.975e-01
3.154e+02 3.946e+02 7.924e+01 1.467e+01 4.731e+01 3.997e-01 7.928e-01 2.187e-03 3.975e-01 3.863e-02 4.004e-01
3.160e+02 3.954e+02 7.944e+01 1.446e+01 4.665e+01 4.024e-01 7.982e-01 2.204e-03 4.002e-01 3.951e-02 4.034e-01
3.166e+02 3.962e+02 7.965e+01 1.426e+01 4.599e+01 4.052e-01 8.038e-01 2.221e-03 4.030e-01 4.043e-02 4.065e-01
3.172e+02 3.971e+02 7.986e+01 1.405e+01 4.533e+01 4.081e-01 8.096e-01 2.239e-03 4.059e-01 4.139e-02 4.097e-01
3.179e+02 3.980e+02 8.008e+01 1.385e+01 4.467e+01 4.111e-01 8.155e-01 2.257e-03 4.089e-01 4.237e-02 4.130e-01
3.186e+02 3.989e+02 8.030e+01 1.364e+01 4.401e+01 4.142e-01 8.216e-01 2.275e-03 4.119e-01 4.339e-02 4.164e-01
3.193e+02 3.998e+02 8.052e+01 1.344e+01 4.335e+01 4.174e-01 8.279e-01 2.295e-03 4.151e-01 4.445e-02 4.200e-01
3.200e+02 4.008e+02 8.075e+01 1.323e+01 4.268e+01 4.206e-01 8.343e-01 2.314e-03 4.183e-01 4.555e-02 4.236e-01
3.207e+02 4.017e+02 8.098e+01 1.303e+01 4.202e+01 4.240e-01 8.410e-01 2.334e-03 4.217e-01 4.669e-02 4.273e-01
3.215e+02 4.027e+02 8.122e+01 1.282e+01 4.136e+01 4.275e-01 8.479e-01 2.355e-03 4.251e-01 4.787e-02 4.312e-01
3.223e+02 4.038e+02 8.147e+01 1.262e+01 4.070e+01 4.310e-01 8.550e-01 2.377e-03 4.287e-01 4.910e-02 4.352e-01
3.231e+02 4.049e+02 8.172e+01 1.241e+01 4.004e+01 4.347e-01 8.623e-01 2.399e-03 4.323e-01 5.038e-02 4.394e-01
3.240e+02 4.060e+02 8.198e+01 1.221e+01 3.938e+01 4.386e-01 8.699e-01 2.422e-03 4.361e-01 5.171e-02 4.437e-01
3.249e+02 4.071e+02 8.224e+01 1.200e+01 3.872e+01 4.425e-01 8.777e-01 2.445e-03 4.401e-01 5.309e-02 4.482e-01
3.258e+02 4.083e+02 8.251e+01 1.180e+01 3.805e+01 4.466e-01 8.858e-01 2.469e-03 4.441e-01 5.454e-02 4.528e-01
3.267e+02 4.095e+02 8.279e+01 1.159e+01 3.739e+01 4.509e-01 8.942e-01 2.494e-03 4.484e-01 5.604e-02 4.577e-01
3.277e+02 4.108e+02 8.308e+01 1.139e+01 3.673e+01 4.553e-01 9.030e-01 2.520e-03 4.527e-01 5.761e-02 4.627e-01
3.287e+02 4.121e+02 8.337e+01 1.118e+01 3.607e+01 4.598e-01 9.120e-01 2.547e-03 4.573e-01 5.925e-02 4.679e-01
3.297e+02 4.134e+02 8.367e+01 1.098e+01 3.541e+01 4.646e-01 9.214e-01 2.575e-03 4.620e-01 6.096e-02 4.733e-01
3.308e+02 4.148e+02 8.398e+01 1.077e+01 3.475e+01 4.695e-01 9.312e-01 2.604e-03 4.669e-01 6.275e-02 4.790e-01
3.319e+02 4.162e+02 8.430e+01 1.057e+01 3.409e+01 4.746e-01 9.413e-01 2.633e-03 4.720e-01 6.462e-02 4.849e-01
3.331e+02 4.177e+02 8.463e+01 1.036e+01 3.342e+01 4.800e-01 9.519e-01 2.665e-03 4.773e-01 6.659e-02 4.911e-01
3.343e+02 4.193e+02 8.497e+01 1.016e+01 3.276e+01 4.855e-01 9.629e-01 2.697e-03 4.828e-01 6.865e-02 4.976e-01
3.355e+02 4.209e+02 8.533e+01 9.952e+00 3.210e+01 4.913e-01 9.744e-01 2.731e-03 4.886e-01 7.081e-02 5.044e-01
3.368e+02 4.225e+02 8.569e+01 9.747e+00 3.144e+01 4.974e-01 9.865e-01 2.766e-03 4.946e-01 7.309e-02 5.115e-01
3.382e+02 4.243e+02 8.607e+01 9.541e+00 3.078e+01 5.037e-01 9.990e-01 2.802e-03 5.009e-01 7.548e-02 5.189e-01
3.396e+02 4.260e+02 8.646e+01 9.336e+00 3.012e+01 5.104e-01 1.012e+00 2.841e-03 5.075e-01 7.800e-02 5.268e-01
3.411e+02 4.279e+02 8.686e+01 9.131e+00 2.946e+01 5.173e-01 1.026e+00 2.881e-03 5.144e-01 8.066e-02 5.350e-01
3.426e+02 4.299e+02 8.728e+01 8.926e+00 2.879e+01 5.246e-01 1.040e+00 2.923e-03 5.217e-01 8.347e-02 5.437e-01
3.442e+02 4.319e+02 8.772e+01 8.721e+00 2.813e+01 5.323e-01 1.056e+00 2.967e-03 5.293e-01 8.644e-02 5.529e-01
3.458e+02 4.340e+02 8.817e+01 8.516e+00 2.747e+01 5.403e-01 1.072e+00 3.013e-03 5.373e-01 8.958e-02 5.626e-01
3.476e+02 4.362e+02 8.864e+01 8.311e+00 2.681e+01 5.488e-01 1.088e+00 3.061e-03 5.457e-01 9.292e-02 5.729e-01
3.494e+02 4.385e+02 8.913e+01 8.106e+00 2.615e+01 5.578e-01 1.106e+00 3.113e-03 5.546e-01 9.646e-02 5.838e-01
3.513e+02 4.409e+02 8.965e+01 7.901e+00 2.549e+01 5.672e-01 1.125e+00 3.167e-03 5.641e-01 1.002e-01 5.954e-01
3.533e+02 4.435e+02 9.018e+01 7.696e+00 2.483e+01 5.772e-01 1.145e+00 3.224e-03 5.740e-01 1.042e-01 6.077e-01
3.554e+02 4.461e+02 9.074e+01 7.491e+00 2.416e+01 5.878e-01 1.166e+00 3.284e-03 5.846e-01 1.085e-01 6.208e-01
3.576e+02 4.489e+02 9.133e+01 7.286e+00 2.350e+01 5.991e-01 1.188e+00 3.348e-03 5.958e-01 1.131e-01 6.348e-01
3.599e+02 4.519e+02 9.194e+01 7.081e+00 2.284e+01 6.111e-01 1.212e+00 3.416e-03 6.077e-01 1.181e-01 6.498e-01
3.624e+02 4.549e+02 9.259e+01 6.876e+00 2.218e+01 6.239e-01 1.237e+00 3.489e-03 6.204e-01 1.233e-01 6.659e-01
3.649e+02 4.582e+02 9.327e+01 6.671e+00 2.152e+01 6.375e-01 1.264e+00 3.566e-03 6.339e-01 1.290e-01 6.832e-01
3.676e+02 4.616e+02 9.399e+01 6.466e+00 2.086e+01 6.521e-01 1.293e+00 3.649e-03 6.485e-01 1.352e-01 7.019e-01
3.705e+02 4.653e+02 9.474e+01 6.261e+00 2.020e+01 6.678e-01 1.324e+00 3.738e-03 6.640e-01 1.418e-01 7.221e-01
3.736e+02 4.691e+02 9.554e+01 6.056e+00 1.954e+01 6.846e-01 1.358e+00 3.833e-03 6.808e-01 1.491e-01 7.440e-01
3.768e+02 4.732e+02 9.639e+01 5.851e+00 1.887e+01 7.028e-01 1.394e+00 3.936e-03 6.989e-01 1.569e-01 7.678e-01
3.802e+02 4.775e+02 9.729e+01 5.646e+00 1.821e+01 7.225e-01 1.433e+00 4.047e-03 7.184e-01 1.655e-01 7.938e-01
3.839e+02 4.822e+02 9.824e+01 5.441e+00 1.755e+01 7.438e-01 1.475e+00 4.168e-03 7.397e-01 1.749e-01 8.223e-01
3.878e+02 4.871e+02 9.926e+01 5.236e+00 1.689e+01 7.671e-01 1.521e+00 4.299e-03 7.628e-01 1.853e-01 8.536e-01
3.920e+02 4.924e+02 1.004e+02 5.031e+00 1.623e+01 7.924e-01 1.572e+00 4.442e-03 7.880e-01 1.967e-01 8.882e-01
3.965e+02 4.980e+02 1.015e+02 4.826e+00 1.557e+01 8.203e-01 1.627e+00 4.599e-03 8.157e-01 2.094e-01 9.265e-01
4.014e+02 5.041e+02 1.028e+02 4.621e+00 1.491e+01 8.509e-01 1.688e+00 4.772e-03 8.461e-01 2.236e-01 9.692e-01
4.066e+02 5.107e+02 1.041e+02 4.416e+00 1.424e+01 8.848e-01 1.755e+00 4.963e-03 8.799e-01 2.395e-01 1.017e+00
4.123e+02 5.179e+02 1.056e+02 4.211e+00 1.358e+01 9.225e-01 1.830e+00 5.175e-03 9.174e-01 2.574e-01 1.071e+00
4.184e+02 5.256e+02 1.072e+02 4.006e+00 1.292e+01 9.647e-01 1.913e+00 5.412e-03 9.593e-01 2.777e-01 1.132e+00
4.252e+02 5.341e+02 1.089e+02 3.800e+00 1.226e+01 1.012e+00 2.007e+00 5.679e-03 1.006e+00 3.009e-01 1.202e+00
4.325e+02 5.433e+02 1.108e+02 3.595e+00 1.160e+01 1.066e+00 2.114e+00 5.982e-03 1.060e+00 3.277e-01 1.282e+00
4.406e+02 5.535e+02 1.129e+02 3.390e+00 1.094e+01 1.127e+00 2.235e+00 6.326e-03 1.121e+00 3.588e-01 1.376e+00
4.496e+02 5.648e+02 1.152e+02 3.185e+00 1.028e+01 1.198e+00 2.375e+00 6.723e-03 1.191e+00 3.953e-01 1.486e+00
4.596e+02 5.774e+02 1.178e+02 2.980e+00 9.614e+00 1.280e+00 2.538e+00 7.183e-03 1.272e+00 4.386e-01 1.616e+00
4.708e+02 5.915e+02 1.207e+02 2.775e+00 8.953e+00 1.376e+00 2.728e+00 7.724e-03 1.368e+00 4.906e-01 1.772e+00
4.835e+02 6.075e+02 1.239e+02 2.570e+00 8.291e+00 1.490e+00 2.955e+00 8.367e-03 1.482e+00 5.541e-01 1.963e+00
4.980e+02 6.257e+02 1.277e+02 2.365e+00 7.630e+00 1.628e+00 3.229e+00 9.143e-03 1.619e+00 6.330e-01 2.199e+00
5.147e+02 6.467e+02 1.319e+02 2.160e+00 6.968e+00 1.798e+00 3.565e+00 1.010e-02 1.788e+00 7.329e-01 2.499e+00
5.342e+02 6.712e+02 1.369e+02 1.955e+00 6.307e+00 2.010e+00 3.987e+00 1.129e-02 1.999e+00 8.626e-01 2.889e+00
5.574e+02 7.003e+02 1.429e+02 1.750e+00 5.646e+00 2.283e+00 4.528e+00 1.282e-02 2.270e+00 1.036e+00 3.409e+00
5.853e+02 7.354e+02 1.501e+02 1.545e+00 4.984e+00 2.644e+00 5.244e+00 1.485e-02 2.630e+00 1.276e+00 4.130e+00
6.200e+02 7.789e+02 1.589e+02 1.340e+00 4.323e+00 3.142e+00 6.232e+00 1.765e-02 3.125e+00 1.626e+00 5.179e+00
6.642e+02 8.345e+02 1.703e+02 1.135e+00 3.661e+00 3.865e+00 7.664e+00 2.171e-02 3.843e+00 2.166e+00 6.800e+00
7.233e+02 9.087e+02 1.854e+02 9.300e-01 3.000e+00 4.989e+00 9.894e+00 2.802e-02 4.961e+00 3.076e+00 9.529e+00
