# pipeline=quark_stars
# construction=without_maxwell
# m_sigma_mev=400.000000
# units=chemical potentials and sigma in MeV; densities in fm^-3; pressure and energy density in GeV fm^-3
# B0_mev4=3.138943658406e+08
# B0_gev_fm3=4.085301464549e-02
# B_mev4=0.000000000000e+00
# B_gev_fm3=0.000000000000e+00
# B_1_4_mev=0.000000
# columns=mu_u_mev mu_d_mev mu_e_mev sigma_mev constituent_mass_mev n_u_fm-3 n_d_fm-3 n_e_fm-3 n_B_fm-3 pressure_gev_fm-3 energy_density_gev_fm-3
3.006e+02 3.013e+02 7.283e-01 9.279e+01 2.993e+02 2.688e-04 5.376e-04 6.145e-10 2.688e-04 2.798e-07 2.425e-04
3.006e+02 3.017e+02 1.143e+00 9.258e+01 2.986e+02 5.292e-04 1.058e-03 4.698e-09 5.292e-04 6.574e-07 4.778e-04
3.005e+02 3.020e+02 1.495e+00 9.238e+01 2.980e+02 7.924e-04 1.585e-03 1.220e-08 7.924e-04 1.009e-06 7.158e-04
3.004e+02 3.023e+02 1.813e+00 9.217e+01 2.973e+02 1.058e-03 2.117e-03 2.315e-08 1.058e-03 1.283e-06 9.565e-04
3.003e+02 3.024e+02 2.109e+00 9.197e+01 2.967e+02 1.327e-03 2.654e-03 3.763e-08 1.327e-03 1.448e-06 1.200e-03
3.001e+02 3.025e+02 2.387e+00 9.176e+01 2.960e+02 1.598e-03 3.197e-03 5.574e-08 1.598e-03 1.484e-06 1.445e-03
2.999e+02 3.026e+02 2.653e+00 9.156e+01 2.953e+02 1.872e-03 3.745e-03 7.758e-08 1.872e-03 1.376e-06 1.693e-03
2.997e+02 3.026e+02 2.909e+00 9.135e+01 2.947e+02 2.149e-03 4.298e-03 1.033e-07 2.149e-03 1.112e-06 1.943e-03
2.995e+02 3.026e+02 3.157e+00 9.115e+01 2.940e+02 2.428e-03 4.856e-03 1.329e-07 2.428e-03 6.826e-07 2.196e-03
2.992e+02 3.026e+02 3.398e+00 9.094e+01 2.934e+02 2.710e-03 5.419e-03 1.666e-07 2.710e-03 8.046e-08 2.451e-03
2.990e+02 3.026e+02 3.633e+00 9.074e+01 2.927e+02 2.994e-03 5.987e-03 2.045e-07 2.994e-03 -7.006e-07 2.708e-03
2.987e+02 3.026e+02 3.863e+00 9.053e+01 2.920e+02 3.280e-03 6.560e-03 2.468e-07 3.280e-03 -1.666e-06 2.967e-03
2.985e+02 3.026e+02 4.089e+00 9.033e+01 2.914e+02 3.569e-03 7.138e-03 2.934e-07 3.569e-03 -2.819e-06 3.228e-03
2.982e+02 3.025e+02 4.310e+00 9.012e+01 2.907e+02 3.861e-03 7.720e-03 3.446e-07 3.860e-03 -4.165e-06 3.491e-03
2.979e+02 3.025e+02 4.529e+00 8.992e+01 2.900e+02 4.154e-03 8.308e-03 4.005e-07 4.154e-03 -5.707e-06 3.756e-03
2.976e+02 3.024e+02 4.744e+00 8.971e+01 2.894e+02 4.451e-03 8.900e-03 4.612e-07 4.450e-03 -7.446e-06 4.023e-03
2.974e+02 3.023e+02 4.957e+00 8.951e+01 2.887e+02 4.749e-03 9.497e-03 5.268e-07 4.749e-03 -9.386e-06 4.293e-03
2.971e+02 3.022e+02 5.167e+00 8.930e+01 2.881e+02 5.050e-03 1.010e-02 5.974e-07 5.049e-03 -1.153e-05 4.564e-03
2.968e+02 3.022e+02 5.375e+00 8.910e+01 2.874e+02 5.353e-03 1.070e-02 6.733e-07 5.352e-03 -1.388e-05 4.837e-03
2.965e+02 3.021e+02 5.581e+00 8.889e+01 2.867e+02 5.658e-03 1.131e-02 7.544e-07 5.658e-03 -1.643e-05 5.112e-03
2.962e+02 3.020e+02 5.785e+00 8.868e+01 2.861e+02 5.966e-03 1.193e-02 8.410e-07 5.965e-03 -1.919e-05 5.389e-03
2.959e+02 3.019e+02 5.987e+00 8.848e+01 2.854e+02 6.276e-03 1.255e-02 9.331e-07 6.275e-03 -2.216e-05 5.668e-03
2.956e+02 3.018e+02 6.188e+00 8.827e+01 2.848e+02 6.588e-03 1.317e-02 1.031e-06 6.587e-03 -2.534e-05 5.948e-03
2.953e+02 3.017e+02 6.388e+00 8.807e+01 2.841e+02 6.902e-03 1.380e-02 1.135e-06 6.901e-03 -2.873e-05 6.231e-03
2.950e+02 3.016e+02 6.586e+00 8.786e+01 2.834e+02 7.219e-03 1.443e-02 1.244e-06 7.217e-03 -3.233e-05 6.515e-03
2.947e+02 3.015e+02 6.783e+00 8.766e+01 2.828e+02 7.537e-03 1.507e-02 1.360e-06 7.536e-03 -3.614e-05 6.801e-03
2.944e+02 3.014e+02 6.978e+00 8.745e+01 2.821e+02 7.858e-03 1.571e-02 1.482e-06 7.857e-03 -4.016e-05 7.089e-03
2.941e+02 3.013e+02 7.173e+00 8.725e+01 2.815e+02 8.181e-03 1.636e-02 1.610e-06 8.179e-03 -4.440e-05 7.378e-03
2.938e+02 3.011e+02 7.367e+00 8.704e+01 2.808e+02 8.506e-03 1.701e-02 1.745e-06 8.504e-03 -4.885e-05 7.669e-03
2.935e+02 3.010e+02 7.560e+00 8.684e+01 2.801e+02 8.833e-03 1.766e-02 1.886e-06 8.831e-03 -5.351e-05 7.962e-03
2.932e+02 3.009e+02 7.752e+00 8.663e+01 2.795e+02 9.162e-03 1.832e-02 2.034e-06 9.160e-03 -5.839e-05 8.257e-03
2.929e+02 3.008e+02 7.943e+00 8.643e+01 2.788e+02 9.494e-03 1.898e-02 2.189e-06 9.491e-03 -6.347e-05 8.553e-03
2.925e+02 3.007e+02 8.134e+00 8.622e+01 2.781e+02 9.827e-03 1.965e-02 2.351e-06 9.825e-03 -6.877e-05 8.851e-03
2.922e+02 3.006e+02 8.323e+00 8.602e+01 2.775e+02 1.016e-02 2.032e-02 2.520e-06 1.016e-02 -7.429e-05 9.151e-03
2.919e+02 3.004e+02 8.513e+00 8.581e+01 2.768e+02 1.050e-02 2.099e-02 2.697e-06 1.050e-02 -8.001e-05 9.452e-03
2.916e+02 3.003e+02 8.701e+00 8.561e+01 2.762e+02 1.084e-02 2.167e-02 2.881e-06 1.084e-02 -8.595e-05 9.754e-03
2.913e+02 3.002e+02 8.889e+00 8.540e+01 2.755e+02 1.118e-02 2.235e-02 3.072e-06 1.118e-02 -9.210e-05 1.006e-02
2.910e+02 3.001e+02 9.077e+00 8.520e+01 2.748e+02 1.152e-02 2.304e-02 3.271e-06 1.152e-02 -9.846e-05 1.036e-02
2.907e+02 2.999e+02 9.264e+00 8.499e+01 2.742e+02 1.187e-02 2.373e-02 3.479e-06 1.187e-02 -1.050e-04 1.067e-02
2.904e+02 2.998e+02 9.450e+00 8.479e+01 2.735e+02 1.222e-02 2.442e-02 3.694e-06 1.221e-02 -1.118e-04 1.098e-02
2.901e+02 2.997e+02 9.636e+00 8.458e+01 2.729e+02 1.256e-02 2.512e-02 3.917e-06 1.256e-02 -1.188e-04 1.129e-02
2.897e+02 2.996e+02 9.822e+00 8.438e+01 2.722e+02 1.292e-02 2.582e-02 4.148e-06 1.291e-02 -1.260e-04 1.160e-02
2.894e+02 2.994e+02 1.001e+01 8.417e+01 2.715e+02 1.327e-02 2.652e-02 4.388e-06 1.326e-02 -1.334e-04 1.192e-02
2.891e+02 2.993e+02 1.019e+01 8.397e+01 2.709e+02 1.362e-02 2.723e-02 4.636e-06 1.362e-02 -1.410e-04 1.223e-02
2.888e+02 2.992e+02 1.038e+01 8.376e+01 2.702e+02 1.398e-02 2.794e-02 4.893e-06 1.397e-02 -1.489e-04 1.255e-02
2.885e+02 2.991e+02 1.056e+01 8.356e+01 2.695e+02 1.434e-02 2.866e-02 5.159e-06 1.433e-02 -1.569e-04 1.286e-02
2.882e+02 2.989e+02 1.074e+01 8.335e+01 2.689e+02 1.470e-02 2.938e-02 5.434e-06 1.469e-02 -1.651e-04 1.318e-02
2.879e+02 2.988e+02 1.093e+01 8.315e+01 2.682e+02 1.506e-02 3.010e-02 5.718e-06 1.505e-02 -1.736e-04 1.350e-02
2.876e+02 2.987e+02 1.111e+01 8.294e+01 2.676e+02 1.542e-02 3.083e-02 6.011e-06 1.542e-02 -1.822e-04 1.383e-02
2.872e+02 2.985e+02 1.129e+01 8.274e+01 2.669e+02 1.579e-02 3.156e-02 6.314e-06 1.578e-02 -1.911e-04 1.415e-02
2.869e+02 2.984e+02 1.148e+01 8.253e+01 2.662e+02 1.616e-02 3.229e-02 6.626e-06 1.615e-02 -2.001e-04 1.447e-02
2.866e+02 2.983e+02 1.166e+01 8.233e+01 2.656e+02 1.653e-02 3.303e-02 6.947e-06 1.652e-02 -2.094e-04 1.480e-02
2.863e+02 2.982e+02 1.184e+01 8.212e+01 2.649e+02 1.690e-02 3.377e-02 7.279e-06 1.689e-02 -2.188e-04 1.513e-02
2.860e+02 2.980e+02 1.202e+01 8.192e+01 2.643e+02 1.727e-02 3.451e-02 7.620e-06 1.726e-02 -2.285e-04 1.545e-02
2.857e+02 2.979e+02 1.221e+01 8.171e+01 2.636e+02 1.764e-02 3.526e-02 7.972e-06 1.763e-02 -2.383e-04 1.578e-02
2.854e+02 2.978e+02 1.239e+01 8.151e+01 2.629e+02 1.802e-02 3.601e-02 8.334e-06 1.801e-02 -2.484e-04 1.611e-02
2.851e+02 2.976e+02 1.257e+01 8.130e+01 2.623e+02 1.840e-02 3.676e-02 8.706e-06 1.839e-02 -2.586e-04 1.645e-02
2.848e+02 2.975e+02 1.275e+01 8.110e+01 2.616e+02 1.877e-02 3.752e-02 9.089e-06 1.877e-02 -2.691e-04 1.678e-02
2.845e+02 2.974e+02 1.293e+01 8.089e+01 2.609e+02 1.916e-02 3.828e-02 9.482e-06 1.915e-02 -2.797e-04 1.711e-02
2.842e+02 2.973e+02 1.311e+01 8.069e+01 2.603e+02 1.954e-02 3.904e-02 9.886e-06 1.953e-02 -2.905e-04 1.745e-02
2.838e+02 2.971e+02 1.329e+01 8.048e+01 2.596e+02 1.992e-02 3.981e-02 1.030e-05 1.991e-02 -3.015e-04 1.779e-02
2.835e+02 2.970e+02 1.347e+01 8.028e+01 2.590e+02 2.031e-02 4.058e-02 1.073e-05 2.030e-02 -3.127e-04 1.812e-02
2.832e+02 2.969e+02 1.365e+01 8.007e+01 2.583e+02 2.069e-02 4.135e-02 1.116e-05 2.068e-02 -3.241e-04 1.846e-02
2.829e+02 2.968e+02 1.383e+01 7.987e+01 2.576e+02 2.108e-02 4.213e-02 1.161e-05 2.107e-02 -3.357e-04 1.880e-02
2.826e+02 2.966e+02 1.401e+01 7.966e+01 2.570e+02 2.147e-02 4.291e-02 1.207e-05 2.146e-02 -3.475e-04 1.914e-02
2.823e+02 2.965e+02 1.419e+01 7.946e+01 2.563e+02 2.186e-02 4.369e-02 1.254e-05 2.185e-02 -3.594e-04 1.949e-02
2.820e+02 2.964e+02 1.437e+01 7.925e+01 2.557e+02 2.226e-02 4.448e-02 1.303e-05 2.224e-02 -3.716e-04 1.983e-02
2.817e+02 2.963e+02 1.455e+01 7.905e+01 2.550e+02 2.265e-02 4.526e-02 1.352e-05 2.264e-02 -3.839e-04 2.018e-02
2.814e+02 2.961e+02 1.473e+01 7.884e+01 2.543e+02 2.305e-02 4.605e-02 1.403e-05 2.303e-02 -3.964e-04 2.052e-02
2.811e+02 2.960e+02 1.491e+01 7.864e+01 2.537e+02 2.345e-02 4.685e-02 1.455e-05 2.343e-02 -4.090e-04 2.087e-02
2.808e+02 2.959e+02 1.509e+01 7.843e+01 2.530e+02 2.385e-02 4.764e-02 1.508e-05 2.383e-02 -4.219e-04 2.122e-02
2.805e+02 2.958e+02 1.527e+01 7.823e+01 2.523e+02 2.425e-02 4.844e-02 1.563e-05 2.423e-02 -4.349e-04 2.157e-02
2.802e+02 2.957e+02 1.545e+01 7.802e+01 2.517e+02 2.465e-02 4.925e-02 1.618e-05 2.463e-02 -4.481e-04 2.192e-02
2.799e+02 2.955e+02 1.563e+01 7.782e+01 2.510e+02 2.505e-02 5.005e-02 1.675e-05 2.503e-02 -4.615e-04 2.227e-02
2.796e+02 2.954e+02 1.581e+01 7.761e+01 2.504e+02 2.546e-02 5.086e-02 1.734e-05 2.544e-02 -4.750e-04 2.262e-02
2.793e+02 2.953e+02 1.599e+01 7.741e+01 2.497e+02 2.586e-02 5.167e-02 1.793e-05 2.584e-02 -4.887e-04 2.297e-02
2.790e+02 2.952e+02 1.617e+01 7.720e+01 2.490e+02 2.627e-02 5.248e-02 1.854e-05 2.625e-02 -5.026e-04 2.333e-02
2.787e+02 2.951e+02 1.634e+01 7.700e+01 2.484e+02 2.668e-02 5.330e-02 1.916e-05 2.666e-02 -5.167e-04 2.368e-02
2.784e+02 2.950e+02 1.652e+01 7.679e+01 2.477e+02 2.709e-02 5.412e-02 1.980e-05 2.707e-02 -5.309e-04 2.404e-02
2.781e+02 2.948e+02 1.670e+01 7.659e+01 2.471e+02 2.750e-02 5.494e-02 2.045e-05 2.748e-02 -5.452e-04 2.439e-02
2.778e+02 2.947e+02 1.688e+01 7.638e+01 2.464e+02 2.791e-02 5.576e-02 2.111e-05 2.789e-02 -5.598e-04 2.475e-02
2.776e+02 2.946e+02 1.706e+01 7.618e+01 2.457e+02 2.833e-02 5.659e-02 2.178e-05 2.831e-02 -5.745e-04 2.511e-02
2.773e+02 2.945e+02 1.724e+01 7.597e+01 2.451e+02 2.874e-02 5.742e-02 2.247e-05 2.872e-02 -5.893e-04 2.547e-02
2.770e+02 2.944e+02 1.741e+01 7.577e+01 2.444e+02 2.916e-02 5.825e-02 2.318e-05 2.914e-02 -6.043e-04 2.583e-02
2.767e+02 2.943e+02 1.759e+01 7.556e+01 2.438e+02 2.958e-02 5.909e-02 2.390e-05 2.956e-02 -6.195e-04 2.619e-02
2.764e+02 2.942e+02 1.777e+01 7.536e+01 2.431e+02 3.000e-02 5.992e-02 2.463e-05 2.997e-02 -6.348e-04 2.655e-02
2.761e+02 2.940e+02 1.795e+01 7.515e+01 2.424e+02 3.042e-02 6.076e-02 2.538e-05 3.039e-02 -6.502e-04 2.692e-02
2.758e+02 2.939e+02 1.812e+01 7.495e+01 2.418e+02 3.084e-02 6.160e-02 2.614e-05 3.082e-02 -6.658e-04 2.728e-02
2.755e+02 2.938e+02 1.830e+01 7.474e+01 2.411e+02 3.126e-02 6.245e-02 2.691e-05 3.124e-02 -6.816e-04 2.764e-02
2.752e+02 2.937e+02 1.848e+01 7.454e+01 2.404e+02 3.169e-02 6.330e-02 2.771e-05 3.166e-02 -6.975e-04 2.801e-02
2.749e+02 2.936e+02 1.866e+01 7.433e+01 2.398e+02 3.211e-02 6.414e-02 2.851e-05 3.209e-02 -7.135e-04 2.838e-02
2.747e+02 2.935e+02 1.883e+01 7.413e+01 2.391e+02 3.254e-02 6.500e-02 2.933e-05 3.251e-02 -7.297e-04 2.874e-02
2.744e+02 2.934e+02 1.901e+01 7.392e+01 2.385e+02 3.297e-02 6.585e-02 3.017e-05 3.294e-02 -7.460e-04 2.911e-02
2.741e+02 2.933e+02 1.919e+01 7.372e+01 2.378e+02 3.340e-02 6.670e-02 3.102e-05 3.337e-02 -7.624e-04 2.948e-02
2.738e+02 2.932e+02 1.936e+01 7.351e+01 2.371e+02 3.383e-02 6.756e-02 3.189e-05 3.380e-02 -7.790e-04 2.985e-02
2.735e+02 2.931e+02 1.954e+01 7.331e+01 2.365e+02 3.426e-02 6.842e-02 3.277e-05 3.423e-02 -7.957e-04 3.022e-02
2.733e+02 2.930e+02 1.972e+01 7.310e+01 2.358e+02 3.469e-02 6.929e-02 3.367e-05 3.466e-02 -8.126e-04 3.059e-02
2.730e+02 2.929e+02 1.990e+01 7.290e+01 2.352e+02 3.513e-02 7.015e-02 3.458e-05 3.509e-02 -8.296e-04 3.096e-02
2.727e+02 2.928e+02 2.007e+01 7.269e+01 2.345e+02 3.556e-02 7.102e-02 3.551e-05 3.553e-02 -8.467e-04 3.134e-02
2.724e+02 2.927e+02 2.025e+01 7.249e+01 2.338e+02 3.600e-02 7.189e-02 3.646e-05 3.596e-02 -8.639e-04 3.171e-02
2.721e+02 2.926e+02 2.043e+01 7.228e+01 2.332e+02 3.644e-02 7.276e-02 3.742e-05 3.640e-02 -8.812e-04 3.208e-02
2.719e+02 2.925e+02 2.060e+01 7.208e+01 2.325e+02 3.687e-02 7.363e-02 3.840e-05 3.683e-02 -8.987e-04 3.246e-02
2.716e+02 2.924e+02 2.078e+01 7.187e+01 2.318e+02 3.731e-02 7.451e-02 3.939e-05 3.727e-02 -9.163e-04 3.283e-02
2.713e+02 2.923e+02 2.095e+01 7.167e+01 2.312e+02 3.775e-02 7.538e-02 4.040e-05 3.771e-02 -9.340e-04 3.321e-02
2.710e+02 2.922e+02 2.113e+01 7.146e+01 2.305e+02 3.819e-02 7.626e-02 4.143e-05 3.815e-02 -9.518e-04 3.359e-02
2.708e+02 2.921e+02 2.131e+01 7.126e+01 2.299e+02 3.864e-02 7.715e-02 4.248e-05 3.859e-02 -9.697e-04 3.396e-02
2.705e+02 2.920e+02 2.148e+01 7.105e+01 2.292e+02 3.908e-02 7.803e-02 4.354e-05 3.904e-02 -9.877e-04 3.434e-02
2.702e+02 2.919e+02 2.166e+01 7.085e+01 2.285e+02 3.952e-02 7.892e-02 4.462e-05 3.948e-02 -1.006e-03 3.472e-02
2.699e+02 2.918e+02 2.183e+01 7.064e+01 2.279e+02 3.997e-02 7.980e-02 4.571e-05 3.992e-02 -1.024e-03 3.510e-02
2.697e+02 2.917e+02 2.201e+01 7.044e+01 2.272e+02 4.042e-02 8.069e-02 4.683e-05 4.037e-02 -1.042e-03 3.548e-02
2.694e+02 2.916e+02 2.218e+01 7.023e+01 2.266e+02 4.086e-02 8.158e-02 4.796e-05 4.082e-02 -1.061e-03 3.586e-02
2.691e+02 2.915e+02 2.236e+01 7.003e+01 2.259e+02 4.131e-02 8.248e-02 4.910e-05 4.126e-02 -1.079e-03 3.624e-02
2.689e+02 2.914e+02 2.254e+01 6.982e+01 2.252e+02 4.176e-02 8.337e-02 5.027e-05 4.171e-02 -1.098e-03 3.662e-02
2.686e+02 2.913e+02 2.271e+01 6.962e+01 2.246e+02 4.221e-02 8.427e-02 5.145e-05 4.216e-02 -1.117e-03 3.701e-02
2.683e+02 2.912e+02 2.289e+01 6.941e+01 2.239e+02 4.266e-02 8.517e-02 5.265e-05 4.261e-02 -1.136e-03 3.739e-02
2.681e+02 2.911e+02 2.306e+01 6.921e+01 2.232e+02 4.312e-02 8.607e-02 5.387e-05 4.306e-02 -1.154e-03 3.777e-02
2.678e+02 2.911e+02 2.324e+01 6.900e+01 2.226e+02 4.357e-02 8.697e-02 5.510e-05 4.351e-02 -1.173e-03 3.816e-02
2.676e+02 2.910e+02 2.341e+01 6.880e+01 2.219e+02 4.402e-02 8.788e-02 5.636e-05 4.397e-02 -1.192e-03 3.854e-02
2.673e+02 2.909e+02 2.359e+01 6.859e+01 2.213e+02 4.448e-02 8.878e-02 5.763e-05 4.442e-02 -1.212e-03 3.893e-02
2.670e+02 2.908e+02 2.376e+01 6.839e+01 2.206e+02 4.493e-02 8.969e-02 5.892e-05 4.487e-02 -1.231e-03 3.931e-02
2.668e+02 2.907e+02 2.393e+01 6.818e+01 2.199e+02 4.539e-02 9.060e-02 6.022e-05 4.533e-02 -1.250e-03 3.970e-02
2.665e+02 2.906e+02 2.411e+01 6.798e+01 2.193e+02 4.585e-02 9.151e-02 6.155e-05 4.579e-02 -1.269e-03 4.009e-02
2.663e+02 2.905e+02 2.428e+01 6.777e+01 2.186e+02 4.631e-02 9.242e-02 6.290e-05 4.624e-02 -1.289e-03 4.047e-02
2.660e+02 2.905e+02 2.446e+01 6.757e+01 2.180e+02 4.677e-02 9.334e-02 6.426e-05 4.670e-02 -1.308e-03 4.086e-02
2.658e+02 2.904e+02 2.463e+01 6.736e+01 2.173e+02 4.723e-02 9.426e-02 6.564e-05 4.716e-02 -1.328e-03 4.125e-02
2.655e+02 2.903e+02 2.480e+01 6.716e+01 2.166e+02 4.769e-02 9.517e-02 6.704e-05 4.762e-02 -1.348e-03 4.164e-02
2.652e+02 2.902e+02 2.498e+01 6.695e+01 2.160e+02 4.815e-02 9.609e-02 6.846e-05 4.808e-02 -1.367e-03 4.203e-02
2.650e+02 2.901e+02 2.515e+01 6.675e+01 2.153e+02 4.861e-02 9.701e-02 6.990e-05 4.854e-02 -1.387e-03 4.242e-02
2.647e+02 2.901e+02 2.533e+01 6.654e+01 2.146e+02 4.908e-02 9.794e-02 7.136e-05 4.900e-02 -1.407e-03 4.281e-02
2.645e+02 2.900e+02 2.550e+01 6.634e+01 2.140e+02 4.954e-02 9.886e-02 7.283e-05 4.947e-02 -1.427e-03 4.320e-02
2.642e+02 2.899e+02 2.567e+01 6.613e+01 2.133e+02 5.000e-02 9.979e-02 7.433e-05 4.993e-02 -1.446e-03 4.359e-02
2.640e+02 2.898e+02 2.585e+01 6.593e+01 2.127e+02 5.047e-02 1.007e-01 7.584e-05 5.039e-02 -1.466e-03 4.398e-02
2.638e+02 2.898e+02 2.602e+01 6.572e+01 2.120e+02 5.094e-02 1.016e-01 7.738e-05 5.086e-02 -1.486e-03 4.438e-02
2.635e+02 2.897e+02 2.619e+01 6.552e+01 2.113e+02 5.141e-02 1.026e-01 7.893e-05 5.133e-02 -1.506e-03 4.477e-02
2.633e+02 2.896e+02 2.636e+01 6.531e+01 2.107e+02 5.187e-02 1.035e-01 8.050e-05 5.179e-02 -1.526e-03 4.516e-02
2.630e+02 2.896e+02 2.654e+01 6.511e+01 2.100e+02 5.234e-02 1.044e-01 8.209e-05 5.226e-02 -1.547e-03 4.556e-02
2.628e+02 2.895e+02 2.671e+01 6.490e+01 2.094e+02 5.281e-02 1.054e-01 8.371e-05 5.273e-02 -1.567e-03 4.595e-02
2.625e+02 2.894e+02 2.688e+01 6.470e+01 2.087e+02 5.328e-02 1.063e-01 8.534e-05 5.320e-02 -1.587e-03 4.634e-02
2.623e+02 2.893e+02 2.705e+01 6.449e+01 2.080e+02 5.375e-02 1.072e-01 8.699e-05 5.367e-02 -1.607e-03 4.674e-02
2.621e+02 2.893e+02 2.723e+01 6.429e+01 2.074e+02 5.423e-02 1.082e-01 8.866e-05 5.414e-02 -1.627e-03 4.714e-02
2.618e+02 2.892e+02 2.740e+01 6.408e+01 2.067e+02 5.470e-02 1.091e-01 9.035e-05 5.461e-02 -1.647e-03 4.753e-02
2.616e+02 2.891e+02 2.757e+01 6.388e+01 2.061e+02 5.517e-02 1.101e-01 9.206e-05 5.508e-02 -1.668e-03 4.793e-02
2.613e+02 2.891e+02 2.774e+01 6.367e+01 2.054e+02 5.565e-02 1.110e-01 9.379e-05 5.555e-02 -1.688e-03 4.832e-02
2.611e+02 2.890e+02 2.791e+01 6.347e+01 2.047e+02 5.612e-02 1.120e-01 9.554e-05 5.603e-02 -1.708e-03 4.872e-02
2.609e+02 2.890e+02 2.808e+01 6.326e+01 2.041e+02 5.660e-02 1.129e-01 9.731e-05 5.650e-02 -1.728e-03 4.912e-02
2.606e+02 2.889e+02 2.825e+01 6.306e+01 2.034e+02 5.707e-02 1.138e-01 9.910e-05 5.697e-02 -1.748e-03 4.952e-02
2.604e+02 2.888e+02 2.843e+01 6.285e+01 2.027e+02 5.755e-02 1.148e-01 1.009e-04 5.745e-02 -1.769e-03 4.991e-02
2.602e+02 2.888e+02 2.860e+01 6.265e+01 2.021e+02 5.803e-02 1.157e-01 1.027e-04 5.792e-02 -1.789e-03 5.031e-02
2.599e+02 2.887e+02 2.877e+01 6.244e+01 2.014e+02 5.851e-02 1.167e-01 1.046e-04 5.840e-02 -1.809e-03 5.071e-02
2.597e+02 2.887e+02 2.894e+01 6.224e+01 2.008e+02 5.898e-02 1.177e-01 1.065e-04 5.888e-02 -1.829e-03 5.111e-02
2.595e+02 2.886e+02 2.911e+01 6.203e+01 2.001e+02 5.946e-02 1.186e-01 1.084e-04 5.936e-02 -1.850e-03 5.151e-02
2.593e+02 2.885e+02 2.928e+01 6.183e+01 1.994e+02 5.994e-02 1.196e-01 1.103e-04 5.983e-02 -1.870e-03 5.191e-02
2.590e+02 2.885e+02 2.945e+01 6.162e+01 1.988e+02 6.043e-02 1.205e-01 1.122e-04 6.031e-02 -1.890e-03 5.231e-02
2.588e+02 2.884e+02 2.962e+01 6.142e+01 1.981e+02 6.091e-02 1.215e-01 1.142e-04 6.079e-02 -1.910e-03 5.271e-02
2.586e+02 2.884e+02 2.979e+01 6.121e+01 1.975e+02 6.139e-02 1.224e-01 1.161e-04 6.127e-02 -1.930e-03 5.311e-02
2.584e+02 2.883e+02 2.996e+01 6.101e+01 1.968e+02 6.187e-02 1.234e-01 1.181e-04 6.175e-02 -1.950e-03 5.352e-02
2.581e+02 2.883e+02 3.013e+01 6.080e+01 1.961e+02 6.236e-02 1.244e-01 1.202e-04 6.224e-02 -1.970e-03 5.392e-02
2.579e+02 2.882e+02 3.030e+01 6.060e+01 1.955e+02 6.284e-02 1.253e-01 1.222e-04 6.272e-02 -1.990e-03 5.432e-02
2.577e+02 2.882e+02 3.047e+01 6.039e+01 1.948e+02 6.332e-02 1.263e-01 1.242e-04 6.320e-02 -2.010e-03 5.472e-02
2.575e+02 2.881e+02 3.063e+01 6.019e+01 1.941e+02 6.381e-02 1.272e-01 1.263e-04 6.368e-02 -2.030e-03 5.513e-02
2.573e+02 2.881e+02 3.080e+01 5.998e+01 1.935e+02 6.430e-02 1.282e-01 1.284e-04 6.417e-02 -2.050e-03 5.553e-02
2.571e+02 2.880e+02 3.097e+01 5.978e+01 1.928e+02 6.478e-02 1.292e-01 1.305e-04 6.465e-02 -2.070e-03 5.593e-02
2.568e+02 2.880e+02 3.114e+01 5.957e+01 1.922e+02 6.527e-02 1.301e-01 1.327e-04 6.514e-02 -2.090e-03 5.634e-02
2.566e+02 2.879e+02 3.131e+01 5.936e+01 1.915e+02 6.576e-02 1.311e-01 1.348e-04 6.562e-02 -2.110e-03 5.674e-02
2.564e+02 2.879e+02 3.148e+01 5.916e+01 1.908e+02 6.625e-02 1.321e-01 1.370e-04 6.611e-02 -2.129e-03 5.715e-02
2.562e+02 2.879e+02 3.164e+01 5.895e+01 1.902e+02 6.673e-02 1.331e-01 1.392e-04 6.660e-02 -2.149e-03 5.755e-02
2.560e+02 2.878e+02 3.181e+01 5.875e+01 1.895e+02 6.722e-02 1.340e-01 1.415e-04 6.708e-02 -2.169e-03 5.796e-02
2.558e+02 2.878e+02 3.198e+01 5.854e+01 1.889e+02 6.771e-02 1.350e-01 1.437e-04 6.757e-02 -2.188e-03 5.836e-02
2.556e+02 2.877e+02 3.215e+01 5.834e+01 1.882e+02 6.820e-02 1.360e-01 1.460e-04 6.806e-02 -2.207e-03 5.877e-02
2.554e+02 2.877e+02 3.231e+01 5.813e+01 1.875e+02 6.870e-02 1.369e-01 1.483e-04 6.855e-02 -2.227e-03 5.917e-02
2.552e+02 2.877e+02 3.248e+01 5.793e+01 1.869e+02 6.919e-02 1.379e-01 1.506e-04 6.904e-02 -2.246e-03 5.958e-02
2.550e+02 2.876e+02 3.265e+01 5.772e+01 1.862e+02 6.968e-02 1.389e-01 1.529e-04 6.953e-02 -2.265e-03 5.999e-02
2.548e+02 2.876e+02 3.281e+01 5.752e+01 1.855e+02 7.017e-02 1.399e-01 1.553e-04 7.002e-02 -2.284e-03 6.039e-02
2.546e+02 2.876e+02 3.298e+01 5.731e+01 1.849e+02 7.067e-02 1.409e-01 1.576e-04 7.051e-02 -2.303e-03 6.080e-02
2.544e+02 2.875e+02 3.315e+01 5.711e+01 1.842e+02 7.116e-02 1.418e-01 1.600e-04 7.100e-02 -2.322e-03 6.121e-02
2.542e+02 2.875e+02 3.331e+01 5.690e+01 1.836e+02 7.165e-02 1.428e-01 1.624e-04 7.149e-02 -2.341e-03 6.162e-02
2.540e+02 2.875e+02 3.348e+01 5.670e+01 1.829e+02 7.215e-02 1.438e-01 1.649e-04 7.199e-02 -2.359e-03 6.203e-02
2.538e+02 2.874e+02 3.364e+01 5.649e+01 1.822e+02 7.265e-02 1.448e-01 1.673e-04 7.248e-02 -2.378e-03 6.244e-02
2.536e+02 2.874e+02 3.381e+01 5.629e+01 1.816e+02 7.314e-02 1.458e-01 1.698e-04 7.297e-02 -2.396e-03 6.284e-02
2.534e+02 2.874e+02 3.397e+01 5.608e+01 1.809e+02 7.364e-02 1.468e-01 1.723e-04 7.347e-02 -2.415e-03 6.325e-02
2.532e+02 2.873e+02 3.414e+01 5.588e+01 1.803e+02 7.414e-02 1.477e-01 1.748e-04 7.396e-02 -2.433e-03 6.366e-02
2.530e+02 2.873e+02 3.430e+01 5.567e+01 1.796e+02 7.463e-02 1.487e-01 1.774e-04 7.446e-02 -2.451e-03 6.407e-02
2.528e+02 2.873e+02 3.447e+01 5.547e+01 1.789e+02 7.513e-02 1.497e-01 1.799e-04 7.495e-02 -2.469e-03 6.448e-02
2.526e+02 2.873e+02 3.463e+01 5.526e+01 1.783e+02 7.563e-02 1.507e-01 1.825e-04 7.545e-02 -2.486e-03 6.489e-02
2.524e+02 2.872e+02 3.480e+01 5.506e+01 1.776e+02 7.613e-02 1.517e-01 1.851e-04 7.595e-02 -2.504e-03 6.531e-02
2.523e+02 2.872e+02 3.496e+01 5.485e+01 1.769e+02 7.663e-02 1.527e-01 1.878e-04 7.644e-02 -2.522e-03 6.572e-02
2.521e+02 2.872e+02 3.512e+01 5.465e+01 1.763e+02 7.713e-02 1.537e-01 1.904e-04 7.694e-02 -2.539e-03 6.613e-02
2.519e+02 2.872e+02 3.529e+01 5.444e+01 1.756e+02 7.763e-02 1.547e-01 1.931e-04 7.744e-02 -2.556e-03 6.654e-02
2.517e+02 2.872e+02 3.545e+01 5.424e+01 1.750e+02 7.813e-02 1.557e-01 1.958e-04 7.794e-02 -2.573e-03 6.695e-02
2.515e+02 2.871e+02 3.561e+01 5.403e+01 1.743e+02 7.864e-02 1.567e-01 1.985e-04 7.844e-02 -2.590e-03 6.736e-02
2.513e+02 2.871e+02 3.578e+01 5.383e+01 1.736e+02 7.914e-02 1.577e-01 2.012e-04 7.894e-02 -2.607e-03 6.778e-02
2.512e+02 2.871e+02 3.594e+01 5.362e+01 1.730e+02 7.964e-02 1.587e-01 2.040e-04 7.944e-02 -2.623e-03 6.819e-02
2.510e+02 2.871e+02 3.610e+01 5.342e+01 1.723e+02 8.015e-02 1.597e-01 2.068e-04 7.994e-02 -2.639e-03 6.860e-02
2.508e+02 2.871e+02 3.626e+01 5.321e+01 1.717e+02 8.065e-02 1.607e-01 2.096e-04 8.044e-02 -2.656e-03 6.902e-02
2.506e+02 2.871e+02 3.643e+01 5.301e+01 1.710e+02 8.116e-02 1.617e-01 2.124e-04 8.094e-02 -2.672e-03 6.943e-02
2.505e+02 2.871e+02 3.659e+01 5.280e+01 1.703e+02 8.166e-02 1.627e-01 2.152e-04 8.145e-02 -2.687e-03 6.985e-02
2.503e+02 2.871e+02 3.675e+01 5.260e+01 1.697e+02 8.217e-02 1.637e-01 2.181e-04 8.195e-02 -2.703e-03 7.026e-02
2.501e+02 2.870e+02 3.691e+01 5.239e+01 1.690e+02 8.267e-02 1.647e-01 2.210e-04 8.245e-02 -2.718e-03 7.068e-02
2.500e+02 2.870e+02 3.707e+01 5.219e+01 1.684e+02 8.318e-02 1.657e-01 2.239e-04 8.296e-02 -2.733e-03 7.109e-02
2.498e+02 2.870e+02 3.723e+01 5.198e+01 1.677e+02 8.369e-02 1.667e-01 2.268e-04 8.346e-02 -2.748e-03 7.151e-02
2.496e+02 2.870e+02 3.739e+01 5.178e+01 1.670e+02 8.420e-02 1.677e-01 2.298e-04 8.397e-02 -2.763e-03 7.193e-02
2.495e+02 2.870e+02 3.755e+01 5.157e+01 1.664e+02 8.471e-02 1.687e-01 2.327e-04 8.447e-02 -2.777e-03 7.234e-02
2.493e+02 2.870e+02 3.771e+01 5.137e+01 1.657e+02 8.522e-02 1.697e-01 2.357e-04 8.498e-02 -2.792e-03 7.276e-02
2.491e+02 2.870e+02 3.787e+01 5.116e+01 1.650e+02 8.573e-02 1.707e-01 2.387e-04 8.549e-02 -2.806e-03 7.318e-02
2.490e+02 2.870e+02 3.803e+01 5.096e+01 1.644e+02 8.624e-02 1.717e-01 2.418e-04 8.599e-02 -2.819e-03 7.359e-02
2.488e+02 2.870e+02 3.819e+01 5.075e+01 1.637e+02 8.675e-02 1.728e-01 2.448e-04 8.650e-02 -2.833e-03 7.401e-02
2.487e+02 2.870e+02 3.835e+01 5.055e+01 1.631e+02 8.726e-02 1.738e-01 2.479e-04 8.701e-02 -2.846e-03 7.443e-02
2.485e+02 2.870e+02 3.851e+01 5.034e+01 1.624e+02 8.777e-02 1.748e-01 2.510e-04 8.752e-02 -2.859e-03 7.485e-02
2.484e+02 2.870e+02 3.867e+01 5.014e+01 1.617e+02 8.828e-02 1.758e-01 2.541e-04 8.803e-02 -2.872e-03 7.527e-02
2.482e+02 2.870e+02 3.883e+01 4.993e+01 1.611e+02 8.880e-02 1.768e-01 2.573e-04 8.854e-02 -2.884e-03 7.569e-02
2.481e+02 2.870e+02 3.899e+01 4.973e+01 1.604e+02 8.931e-02 1.778e-01 2.604e-04 8.905e-02 -2.897e-03 7.611e-02
2.479e+02 2.870e+02 3.914e+01 4.952e+01 1.598e+02 8.983e-02 1.789e-01 2.636e-04 8.956e-02 -2.909e-03 7.653e-02
2.478e+02 2.871e+02 3.930e+01 4.932e+01 1.591e+02 9.034e-02 1.799e-01 2.668e-04 9.008e-02 -2.920e-03 7.695e-02
2.476e+02 2.871e+02 3.946e+01 4.911e+01 1.584e+02 9.086e-02 1.809e-01 2.700e-04 9.059e-02 -2.932e-03 7.737e-02
2.475e+02 2.871e+02 3.962e+01 4.891e+01 1.578e+02 9.138e-02 1.819e-01 2.733e-04 9.110e-02 -2.943e-03 7.779e-02
2.473e+02 2.871e+02 3.977e+01 4.870e+01 1.571e+02 9.189e-02 1.830e-01 2.765e-04 9.162e-02 -2.953e-03 7.822e-02
2.472e+02 2.871e+02 3.993e+01 4.850e+01 1.564e+02 9.241e-02 1.840e-01 2.798e-04 9.213e-02 -2.964e-03 7.864e-02
2.470e+02 2.871e+02 4.009e+01 4.829e+01 1.558e+02 9.293e-02 1.850e-01 2.831e-04 9.265e-02 -2.974e-03 7.906e-02
2.469e+02 2.871e+02 4.024e+01 4.809e+01 1.551e+02 9.345e-02 1.860e-01 2.864e-04 9.316e-02 -2.984e-03 7.949e-02
2.468e+02 2.872e+02 4.040e+01 4.788e+01 1.545e+02 9.397e-02 1.871e-01 2.898e-04 9.368e-02 -2.993e-03 7.991e-02
2.466e+02 2.872e+02 4.056e+01 4.768e+01 1.538e+02 9.449e-02 1.881e-01 2.932e-04 9.420e-02 -3.002e-03 8.034e-02
2.465e+02 2.872e+02 4.071e+01 4.747e+01 1.531e+02 9.501e-02 1.891e-01 2.965e-04 9.472e-02 -3.011e-03 8.076e-02
2.464e+02 2.872e+02 4.087e+01 4.727e+01 1.525e+02 9.553e-02 1.902e-01 3.000e-04 9.523e-02 -3.019e-03 8.119e-02
2.462e+02 2.872e+02 4.102e+01 4.706e+01 1.518e+02 9.606e-02 1.912e-01 3.034e-04 9.575e-02 -3.027e-03 8.161e-02
2.461e+02 2.873e+02 4.118e+01 4.686e+01 1.512e+02 9.658e-02 1.922e-01 3.068e-04 9.627e-02 -3.035e-03 8.204e-02
2.460e+02 2.873e+02 4.133e+01 4.665e+01 1.505e+02 9.711e-02 1.933e-01 3.103e-04 9.679e-02 -3.042e-03 8.247e-02
2.458e+02 2.873e+02 4.149e+01 4.645e+01 1.498e+02 9.763e-02 1.943e-01 3.138e-04 9.732e-02 -3.049e-03 8.290e-02
2.457e+02 2.874e+02 4.164e+01 4.624e+01 1.492e+02 9.816e-02 1.954e-01 3.173e-04 9.784e-02 -3.056e-03 8.332e-02
2.456e+02 2.874e+02 4.180e+01 4.604e+01 1.485e+02 9.868e-02 1.964e-01 3.209e-04 9.836e-02 -3.062e-03 8.375e-02
2.455e+02 2.874e+02 4.195e+01 4.583e+01 1.478e+02 9.921e-02 1.974e-01 3.244e-04 9.889e-02 -3.067e-03 8.418e-02
2.453e+02 2.874e+02 4.210e+01 4.563e+01 1.472e+02 9.974e-02 1.985e-01 3.280e-04 9.941e-02 -3.073e-03 8.461e-02
2.452e+02 2.875e+02 4.226e+01 4.542e+01 1.465e+02 1.003e-01 1.995e-01 3.316e-04 9.994e-02 -3.078e-03 8.505e-02
2.451e+02 2.875e+02 4.241e+01 4.522e+01 1.459e+02 1.008e-01 2.006e-01 3.352e-04 1.005e-01 -3.082e-03 8.548e-02
2.450e+02 2.876e+02 4.256e+01 4.501e+01 1.452e+02 1.013e-01 2.016e-01 3.388e-04 1.010e-01 -3.086e-03 8.591e-02
2.449e+02 2.876e+02 4.271e+01 4.481e+01 1.445e+02 1.019e-01 2.027e-01 3.425e-04 1.015e-01 -3.089e-03 8.634e-02
2.448e+02 2.876e+02 4.287e+01 4.460e+01 1.439e+02 1.024e-01 2.037e-01 3.462e-04 1.020e-01 -3.093e-03 8.678e-02
2.447e+02 2.877e+02 4.302e+01 4.440e+01 1.432e+02 1.029e-01 2.048e-01 3.499e-04 1.026e-01 -3.095e-03 8.721e-02
2.446e+02 2.877e+02 4.317e+01 4.419e+01 1.426e+02 1.035e-01 2.059e-01 3.536e-04 1.031e-01 -3.097e-03 8.765e-02
2.444e+02 2.878e+02 4.332e+01 4.399e+01 1.419e+02 1.040e-01 2.069e-01 3.573e-04 1.036e-01 -3.099e-03 8.808e-02
2.443e+02 2.878e+02 4.347e+01 4.378e+01 1.412e+02 1.045e-01 2.080e-01 3.611e-04 1.042e-01 -3.100e-03 8.852e-02
2.442e+02 2.879e+02 4.362e+01 4.358e+01 1.406e+02 1.051e-01 2.090e-01 3.649e-04 1.047e-01 -3.101e-03 8.896e-02
2.441e+02 2.879e+02 4.378e+01 4.337e+01 1.399e+02 1.056e-01 2.101e-01 3.687e-04 1.052e-01 -3.101e-03 8.939e-02
2.440e+02 2.880e+02 4.393e+01 4.317e+01 1.392e+02 1.061e-01 2.112e-01 3.725e-04 1.058e-01 -3.101e-03 8.983e-02
2.439e+02 2.880e+02 4.408e+01 4.296e+01 1.386e+02 1.067e-01 2.122e-01 3.763e-04 1.063e-01 -3.100e-03 9.027e-02
2.438e+02 2.881e+02 4.423e+01 4.276e+01 1.379e+02 1.072e-01 2.133e-01 3.802e-04 1.068e-01 -3.098e-03 9.071e-02
2.438e+02 2.881e+02 4.438e+01 4.255e+01 1.373e+02 1.078e-01 2.144e-01 3.841e-04 1.074e-01 -3.096e-03 9.116e-02
2.437e+02 2.882e+02 4.453e+01 4.235e+01 1.366e+02 1.083e-01 2.155e-01 3.880e-04 1.079e-01 -3.094e-03 9.160e-02
2.436e+02 2.882e+02 4.468e+01 4.214e+01 1.359e+02 1.089e-01 2.165e-01 3.919e-04 1.085e-01 -3.091e-03 9.204e-02
2.435e+02 2.883e+02 4.483e+01 4.194e+01 1.353e+02 1.094e-01 2.176e-01 3.958e-04 1.090e-01 -3.087e-03 9.249e-02
2.434e+02 2.884e+02 4.497e+01 4.173e+01 1.346e+02 1.100e-01 2.187e-01 3.998e-04 1.096e-01 -3.083e-03 9.293e-02
2.433e+02 2.884e+02 4.512e+01 4.153e+01 1.340e+02 1.105e-01 2.198e-01 4.038e-04 1.101e-01 -3.078e-03 9.338e-02
2.432e+02 2.885e+02 4.527e+01 4.132e+01 1.333e+02 1.111e-01 2.209e-01 4.078e-04 1.106e-01 -3.072e-03 9.383e-02
2.431e+02 2.886e+02 4.542e+01 4.112e+01 1.326e+02 1.116e-01 2.220e-01 4.118e-04 1.112e-01 -3.066e-03 9.427e-02
2.431e+02 2.886e+02 4.557e+01 4.091e+01 1.320e+02 1.122e-01 2.231e-01 4.158e-04 1.117e-01 -3.059e-03 9.472e-02
2.430e+02 2.887e+02 4.572e+01 4.071e+01 1.313e+02 1.127e-01 2.242e-01 4.199e-04 1.123e-01 -3.052e-03 9.517e-02
2.429e+02 2.888e+02 4.586e+01 4.050e+01 1.307e+02 1.133e-01 2.253e-01 4.240e-04 1.128e-01 -3.044e-03 9.563e-02
2.428e+02 2.889e+02 4.601e+01 4.030e+01 1.300e+02 1.138e-01 2.264e-01 4.281e-04 1.134e-01 -3.035e-03 9.608e-02
2.428e+02 2.889e+02 4.616e+01 4.009e+01 1.293e+02 1.144e-01 2.275e-01 4.322e-04 1.139e-01 -3.025e-03 9.653e-02
2.427e+02 2.890e+02 4.631e+01 3.989e+01 1.287e+02 1.149e-01 2.286e-01 4.364e-04 1.145e-01 -3.015e-03 9.699e-02
2.426e+02 2.891e+02 4.645e+01 3.968e+01 1.280e+02 1.155e-01 2.297e-01 4.405e-04 1.151e-01 -3.004e-03 9.744e-02
2.426e+02 2.892e+02 4.660e+01 3.948e+01 1.273e+02 1.161e-01 2.308e-01 4.447e-04 1.156e-01 -2.993e-03 9.790e-02
2.425e+02 2.893e+02 4.675e+01 3.927e+01 1.267e+02 1.166e-01 2.319e-01 4.489e-04 1.162e-01 -2.980e-03 9.836e-02
2.425e+02 2.893e+02 4.689e+01 3.907e+01 1.260e+02 1.172e-01 2.330e-01 4.532e-04 1.167e-01 -2.967e-03 9.882e-02
2.424e+02 2.894e+02 4.704e+01 3.886e+01 1.254e+02 1.178e-01 2.341e-01 4.574e-04 1.173e-01 -2.954e-03 9.928e-02
2.423e+02 2.895e+02 4.718e+01 3.866e+01 1.247e+02 1.183e-01 2.353e-01 4.617e-04 1.179e-01 -2.939e-03 9.975e-02
2.423e+02 2.896e+02 4.733e+01 3.845e+01 1.240e+02 1.189e-01 2.364e-01 4.660e-04 1.184e-01 -2.923e-03 1.002e-01
2.422e+02 2.897e+02 4.748e+01 3.825e+01 1.234e+02 1.195e-01 2.375e-01 4.703e-04 1.190e-01 -2.907e-03 1.007e-01
2.422e+02 2.898e+02 4.762e+01 3.804e+01 1.227e+02 1.200e-01 2.386e-01 4.746e-04 1.196e-01 -2.890e-03 1.011e-01
2.421e+02 2.899e+02 4.777e+01 3.784e+01 1.221e+02 1.206e-01 2.398e-01 4.790e-04 1.201e-01 -2.872e-03 1.016e-01
2.421e+02 2.900e+02 4.791e+01 3.763e+01 1.214e+02 1.212e-01 2.409e-01 4.834e-04 1.207e-01 -2.853e-03 1.021e-01
2.421e+02 2.901e+02 4.806e+01 3.743e+01 1.207e+02 1.218e-01 2.421e-01 4.878e-04 1.213e-01 -2.834e-03 1.026e-01
2.420e+02 2.902e+02 4.820e+01 3.722e+01 1.201e+02 1.223e-01 2.432e-01 4.922e-04 1.219e-01 -2.813e-03 1.030e-01
2.420e+02 2.903e+02 4.835e+01 3.702e+01 1.194e+02 1.229e-01 2.444e-01 4.966e-04 1.224e-01 -2.792e-03 1.035e-01
2.419e+02 2.904e+02 4.849e+01 3.681e+01 1.187e+02 1.235e-01 2.455e-01 5.011e-04 1.230e-01 -2.769e-03 1.040e-01
2.419e+02 2.905e+02 4.863e+01 3.661e+01 1.181e+02 1.241e-01 2.467e-01 5.056e-04 1.236e-01 -2.746e-03 1.045e-01
2.419e+02 2.907e+02 4.878e+01 3.640e+01 1.174e+02 1.247e-01 2.479e-01 5.101e-04 1.242e-01 -2.721e-03 1.049e-01
2.418e+02 2.908e+02 4.892e+01 3.620e+01 1.168e+02 1.253e-01 2.490e-01 5.146e-04 1.248e-01 -2.696e-03 1.054e-01
2.418e+02 2.909e+02 4.907e+01 3.599e+01 1.161e+02 1.259e-01 2.502e-01 5.191e-04 1.254e-01 -2.670e-03 1.059e-01
2.418e+02 2.910e+02 4.921e+01 3.579e+01 1.154e+02 1.265e-01 2.514e-01 5.237e-04 1.260e-01 -2.642e-03 1.064e-01
2.418e+02 2.911e+02 4.935e+01 3.558e+01 1.148e+02 1.271e-01 2.526e-01 5.283e-04 1.265e-01 -2.614e-03 1.069e-01
2.418e+02 2.913e+02 4.950e+01 3.538e+01 1.141e+02 1.277e-01 2.537e-01 5.329e-04 1.271e-01 -2.585e-03 1.074e-01
2.417e+02 2.914e+02 4.964e+01 3.517e+01 1.135e+02 1.283e-01 2.549e-01 5.375e-04 1.277e-01 -2.554e-03 1.079e-01
2.417e+02 2.915e+02 4.978e+01 3.497e+01 1.128e+02 1.289e-01 2.561e-01 5.422e-04 1.283e-01 -2.522e-03 1.084e-01
2.417e+02 2.916e+02 4.992e+01 3.476e+01 1.121e+02 1.295e-01 2.573e-01 5.469e-04 1.289e-01 -2.490e-03 1.089e-01
2.417e+02 2.918e+02 5.007e+01 3.456e+01 1.115e+02 1.301e-01 2.585e-01 5.516e-04 1.296e-01 -2.456e-03 1.094e-01
2.417e+02 2.919e+02 5.021e+01 3.435e+01 1.108e+02 1.307e-01 2.598e-01 5.563e-04 1.302e-01 -2.421e-03 1.099e-01
2.417e+02 2.921e+02 5.035e+01 3.415e+01 1.101e+02 1.313e-01 2.610e-01 5.611e-04 1.308e-01 -2.384e-03 1.104e-01
2.417e+02 2.922e+02 5.050e+01 3.394e+01 1.095e+02 1.320e-01 2.622e-01 5.658e-04 1.314e-01 -2.347e-03 1.109e-01
2.417e+02 2.923e+02 5.064e+01 3.374e+01 1.088e+02 1.326e-01 2.634e-01 5.706e-04 1.320e-01 -2.308e-03 1.114e-01
2.417e+02 2.925e+02 5.078e+01 3.353e+01 1.082e+02 1.332e-01 2.647e-01 5.755e-04 1.326e-01 -2.268e-03 1.119e-01
2.417e+02 2.926e+02 5.092e+01 3.333e+01 1.075e+02 1.338e-01 2.659e-01 5.803e-04 1.332e-01 -2.227e-03 1.124e-01
2.417e+02 2.928e+02 5.106e+01 3.312e+01 1.068e+02 1.345e-01 2.672e-01 5.852e-04 1.339e-01 -2.184e-03 1.129e-01
2.418e+02 2.930e+02 5.121e+01 3.292e+01 1.062e+02 1.351e-01 2.684e-01 5.901e-04 1.345e-01 -2.140e-03 1.135e-01
2.418e+02 2.931e+02 5.135e+01 3.271e+01 1.055e+02 1.357e-01 2.697e-01 5.950e-04 1.351e-01 -2.094e-03 1.140e-01
2.418e+02 2.933e+02 5.149e+01 3.251e+01 1.049e+02 1.364e-01 2.710e-01 6.000e-04 1.358e-01 -2.048e-03 1.145e-01
2.418e+02 2.934e+02 5.163e+01 3.230e+01 1.042e+02 1.370e-01 2.722e-01 6.049e-04 1.364e-01 -1.999e-03 1.151e-01
2.418e+02 2.936e+02 5.177e+01 3.210e+01 1.035e+02 1.377e-01 2.735e-01 6.099e-04 1.371e-01 -1.949e-03 1.156e-01
2.419e+02 2.938e+02 5.192e+01 3.189e+01 1.029e+02 1.383e-01 2.748e-01 6.150e-04 1.377e-01 -1.898e-03 1.161e-01
2.419e+02 2.940e+02 5.206e+01 3.169e+01 1.022e+02 1.390e-01 2.761e-01 6.200e-04 1.384e-01 -1.845e-03 1.167e-01
2.419e+02 2.941e+02 5.220e+01 3.148e+01 1.015e+02 1.396e-01 2.774e-01 6.251e-04 1.390e-01 -1.791e-03 1.172e-01
2.420e+02 2.943e+02 5.234e+01 3.128e+01 1.009e+02 1.403e-01 2.787e-01 6.302e-04 1.397e-01 -1.735e-03 1.178e-01
2.420e+02 2.945e+02 5.248e+01 3.107e+01 1.002e+02 1.410e-01 2.800e-01 6.354e-04 1.403e-01 -1.677e-03 1.183e-01
2.421e+02 2.947e+02 5.263e+01 3.087e+01 9.956e+01 1.417e-01 2.814e-01 6.405e-04 1.410e-01 -1.618e-03 1.189e-01
2.421e+02 2.949e+02 5.277e+01 3.066e+01 9.890e+01 1.423e-01 2.827e-01 6.457e-04 1.417e-01 -1.557e-03 1.194e-01
2.422e+02 2.951e+02 5.291e+01 3.046e+01 9.824e+01 1.430e-01 2.841e-01 6.509e-04 1.424e-01 -1.494e-03 1.200e-01
2.422e+02 2.953e+02 5.305e+01 3.025e+01 9.758e+01 1.437e-01 2.854e-01 6.562e-04 1.430e-01 -1.430e-03 1.206e-01
2.423e+02 2.955e+02 5.319e+01 3.004e+01 9.692e+01 1.444e-01 2.868e-01 6.615e-04 1.437e-01 -1.363e-03 1.211e-01
2.423e+02 2.957e+02 5.334e+01 2.984e+01 9.626e+01 1.451e-01 2.882e-01 6.668e-04 1.444e-01 -1.295e-03 1.217e-01
2.424e+02 2.959e+02 5.348e+01 2.963e+01 9.560e+01 1.458e-01 2.896e-01 6.722e-04 1.451e-01 -1.225e-03 1.223e-01
2.425e+02 2.961e+02 5.362e+01 2.943e+01 9.494e+01 1.465e-01 2.910e-01 6.775e-04 1.458e-01 -1.152e-03 1.229e-01
2.426e+02 2.963e+02 5.376e+01 2.922e+01 9.427e+01 1.472e-01 2.924e-01 6.829e-04 1.465e-01 -1.078e-03 1.235e-01
2.426e+02 2.965e+02 5.390e+01 2.902e+01 9.361e+01 1.479e-01 2.938e-01 6.884e-04 1.472e-01 -1.002e-03 1.241e-01
2.427e+02 2.968e+02 5.405e+01 2.881e+01 9.295e+01 1.486e-01 2.952e-01 6.939e-04 1.480e-01 -9.235e-04 1.247e-01
2.428e+02 2.970e+02 5.419e+01 2.861e+01 9.229e+01 1.494e-01 2.967e-01 6.994e-04 1.487e-01 -8.430e-04 1.253e-01
2.429e+02 2.972e+02 5.433e+01 2.840e+01 9.163e+01 1.501e-01 2.981e-01 7.049e-04 1.494e-01 -7.602e-04 1.259e-01
2.430e+02 2.975e+02 5.448e+01 2.820e+01 9.097e+01 1.509e-01 2.996e-01 7.105e-04 1.501e-01 -6.752e-04 1.265e-01
2.431e+02 2.977e+02 5.462e+01 2.799e+01 9.031e+01 1.516e-01 3.010e-01 7.162e-04 1.509e-01 -5.879e-04 1.271e-01
2.432e+02 2.980e+02 5.476e+01 2.779e+01 8.964e+01 1.524e-01 3.025e-01 7.218e-04 1.516e-01 -4.982e-04 1.277e-01
2.433e+02 2.982e+02 5.491e+01 2.758e+01 8.898e+01 1.531e-01 3.040e-01 7.275e-04 1.524e-01 -4.060e-04 1.284e-01
2.434e+02 2.985e+02 5.505e+01 2.738e+01 8.832e+01 1.539e-01 3.056e-01 7.333e-04 1.531e-01 -3.114e-04 1.290e-01
2.435e+02 2.987e+02 5.520e+01 2.717e+01 8.766e+01 1.547e-01 3.071e-01 7.390e-04 1.539e-01 -2.142e-04 1.296e-01
2.436e+02 2.990e+02 5.534e+01 2.697e+01 8.700e+01 1.554e-01 3.086e-01 7.449e-04 1.547e-01 -1.144e-04 1.303e-01
2.438e+02 2.992e+02 5.548e+01 2.676e+01 8.634e+01 1.562e-01 3.102e-01 7.507e-04 1.555e-01 -1.187e-05 1.310e-01
2.439e+02 2.995e+02 5.563e+01 2.656e+01 8.568e+01 1.570e-01 3.118e-01 7.566e-04 1.563e-01 9.339e-05 1.316e-01
2.440e+02 2.998e+02 5.577e+01 2.635e+01 8.501e+01 1.578e-01 3.134e-01 7.626e-04 1.571e-01 2.015e-04 1.323e-01
2.442e+02 3.001e+02 5.592e+01 2.615e+01 8.435e+01 1.586e-01 3.150e-01 7.686e-04 1.579e-01 3.125e-04 1.330e-01
2.443e+02 3.004e+02 5.607e+01 2.594e+01 8.369e+01 1.595e-01 3.166e-01 7.746e-04 1.587e-01 4.265e-04 1.337e-01
2.445e+02 3.007e+02 5.621e+01 2.574e+01 8.303e+01 1.603e-01 3.182e-01 7.807e-04 1.595e-01 5.435e-04 1.344e-01
2.446e+02 3.010e+02 5.636e+01 2.553e+01 8.237e+01 1.611e-01 3.199e-01 7.868e-04 1.603e-01 6.637e-04 1.351e-01
2.448e+02 3.013e+02 5.651e+01 2.533e+01 8.171e+01 1.620e-01 3.216e-01 7.930e-04 1.612e-01 7.871e-04 1.358e-01
2.449e+02 3.016e+02 5.666e+01 2.512e+01 8.105e+01 1.628e-01 3.232e-01 7.993e-04 1.620e-01 9.139e-04 1.365e-01
2.451e+02 3.019e+02 5.680e+01 2.492e+01 8.038e+01 1.637e-01 3.250e-01 8.056e-04 1.629e-01 1.044e-03 1.372e-01
2.453e+02 3.022e+02 5.695e+01 2.471e+01 7.972e+01 1.646e-01 3.267e-01 8.119e-04 1.638e-01 1.178e-03 1.380e-01
2.454e+02 3.026e+02 5.710e+01 2.451e+01 7.906e+01 1.654e-01 3.284e-01 8.183e-04 1.646e-01 1.315e-03 1.387e-01
2.456e+02 3.029e+02 5.725e+01 2.430e+01 7.840e+01 1.663e-01 3.302e-01 8.248e-04 1.655e-01 1.456e-03 1.395e-01
2.458e+02 3.032e+02 5.740e+01 2.410e+01 7.774e+01 1.673e-01 3.320e-01 8.313e-04 1.664e-01 1.601e-03 1.402e-01
2.460e+02 3.036e+02 5.755e+01 2.389e+01 7.708e+01 1.682e-01 3.338e-01 8.379e-04 1.673e-01 1.749e-03 1.410e-01
2.462e+02 3.039e+02 5.771e+01 2.369e+01 7.642e+01 1.691e-01 3.357e-01 8.445e-04 1.683e-01 1.902e-03 1.418e-01
2.464e+02 3.043e+02 5.786e+01 2.348e+01 7.575e+01 1.700e-01 3.375e-01 8.512e-04 1.692e-01 2.059e-03 1.426e-01
2.466e+02 3.047e+02 5.801e+01 2.328e+01 7.509e+01 1.710e-01 3.394e-01 8.580e-04 1.701e-01 2.220e-03 1.434e-01
2.469e+02 3.050e+02 5.816e+01 2.307e+01 7.443e+01 1.720e-01 3.413e-01 8.649e-04 1.711e-01 2.385e-03 1.442e-01
2.471e+02 3.054e+02 5.832e+01 2.287e+01 7.377e+01 1.729e-01 3.433e-01 8.718e-04 1.721e-01 2.555e-03 1.451e-01
2.473e+02 3.058e+02 5.847e+01 2.266e+01 7.311e+01 1.739e-01 3.452e-01 8.788e-04 1.731e-01 2.730e-03 1.459e-01
2.476e+02 3.062e+02 5.863e+01 2.246e+01 7.245e+01 1.749e-01 3.472e-01 8.858e-04 1.741e-01 2.910e-03 1.468e-01
2.478e+02 3.066e+02 5.879e+01 2.225e+01 7.179e+01 1.760e-01 3.493e-01 8.930e-04 1.751e-01 3.094e-03 1.476e-01
2.481e+02 3.070e+02 5.895e+01 2.205e+01 7.112e+01 1.770e-01 3.513e-01 9.002e-04 1.761e-01 3.284e-03 1.485e-01
2.483e+02 3.074e+02 5.910e+01 2.184e+01 7.046e+01 1.781e-01 3.534e-01 9.075e-04 1.771e-01 3.479e-03 1.494e-01
2.486e+02 3.079e+02 5.926e+01 2.164e+01 6.980e+01 1.791e-01 3.555e-01 9.149e-04 1.782e-01 3.679e-03 1.504e-01
2.489e+02 3.083e+02 5.943e+01 2.143e+01 6.914e+01 1.802e-01 3.577e-01 9.223e-04 1.793e-01 3.885e-03 1.513e-01
2.492e+02 3.087e+02 5.959e+01 2.123e+01 6.848e+01 1.813e-01 3.598e-01 9.299e-04 1.804e-01 4.097e-03 1.522e-01
2.495e+02 3.092e+02 5.975e+01 2.102e+01 6.782e+01 1.824e-01 3.620e-01 9.376e-04 1.815e-01 4.314e-03 1.532e-01
2.498e+02 3.097e+02 5.991e+01 2.082e+01 6.716e+01 1.836e-01 3.643e-01 9.453e-04 1.826e-01 4.538e-03 1.542e-01
2.501e+02 3.101e+02 6.008e+01 2.061e+01 6.649e+01 1.847e-01 3.666e-01 9.532e-04 1.838e-01 4.769e-03 1.552e-01
2.504e+02 3.106e+02 6.025e+01 2.041e+01 6.583e+01 1.859e-01 3.689e-01 9.611e-04 1.849e-01 5.006e-03 1.562e-01
2.507e+02 3.111e+02 6.042e+01 2.020e+01 6.517e+01 1.871e-01 3.713e-01 9.692e-04 1.861e-01 5.250e-03 1.572e-01
2.510e+02 3.116e+02 6.058e+01 2.000e+01 6.451e+01 1.883e-01 3.737e-01 9.774e-04 1.873e-01 5.501e-03 1.583e-01
2.514e+02 3.121e+02 6.076e+01 1.979e+01 6.385e+01 1.896e-01 3.761e-01 9.857e-04 1.886e-01 5.759e-03 1.594e-01
2.517e+02 3.127e+02 6.093e+01 1.959e+01 6.319e+01 1.908e-01 3.786e-01 9.941e-04 1.898e-01 6.025e-03 1.605e-01
2.521e+02 3.132e+02 6.110e+01 1.938e+01 6.253e+01 1.921e-01 3.812e-01 1.003e-03 1.911e-01 6.299e-03 1.616e-01
2.525e+02 3.138e+02 6.128e+01 1.918e+01 6.186e+01 1.934e-01 3.838e-01 1.011e-03 1.924e-01 6.581e-03 1.627e-01
2.529e+02 3.143e+02 6.146e+01 1.897e+01 6.120e+01 1.947e-01 3.864e-01 1.020e-03 1.937e-01 6.872e-03 1.639e-01
2.533e+02 3.149e+02 6.163e+01 1.877e+01 6.054e+01 1.961e-01 3.891e-01 1.029e-03 1.951e-01 7.171e-03 1.651e-01
2.537e+02 3.155e+02 6.182e+01 1.856e+01 5.988e+01 1.975e-01 3.919e-01 1.038e-03 1.964e-01 7.479e-03 1.663e-01
2.541e+02 3.161e+02 6.200e+01 1.836e+01 5.922e+01 1.989e-01 3.947e-01 1.047e-03 1.979e-01 7.797e-03 1.675e-01
2.545e+02 3.167e+02 6.218e+01 1.815e+01 5.856e+01 2.003e-01 3.975e-01 1.057e-03 1.993e-01 8.125e-03 1.688e-01
2.549e+02 3.173e+02 6.237e+01 1.795e+01 5.790e+01 2.018e-01 4.004e-01 1.066e-03 2.008e-01 8.463e-03 1.701e-01
2.554e+02 3.180e+02 6.256e+01 1.774e+01 5.724e+01 2.033e-01 4.034e-01 1.076e-03 2.022e-01 8.812e-03 1.715e-01
2.559e+02 3.186e+02 6.275e+01 1.754e+01 5.657e+01 2.049e-01 4.065e-01 1.086e-03 2.038e-01 9.172e-03 1.728e-01
2.563e+02 3.193e+02 6.294e+01 1.733e+01 5.591e+01 2.064e-01 4.096e-01 1.096e-03 2.053e-01 9.543e-03 1.742e-01
2.568e+02 3.200e+02 6.314e+01 1.713e+01 5.525e+01 2.080e-01 4.128e-01 1.106e-03 2.069e-01 9.926e-03 1.756e-01
2.573e+02 3.207e+02 6.334e+01 1.692e+01 5.459e+01 2.097e-01 4.160e-01 1.117e-03 2.086e-01 1.032e-02 1.771e-01
2.578e+02 3.214e+02 6.354e+01 1.672e+01 5.393e+01 2.114e-01 4.194e-01 1.128e-03 2.102e-01 1.073e-02 1.786e-01
2.584e+02 3.221e+02 6.374e+01 1.651e+01 5.327e+01 2.131e-01 4.228e-01 1.138e-03 2.120e-01 1.115e-02 1.802e-01
2.589e+02 3.229e+02 6.395e+01 1.631e+01 5.261e+01 2.149e-01 4.263e-01 1.150e-03 2.137e-01 1.159e-02 1.817e-01
2.595e+02 3.236e+02 6.416e+01 1.610e+01 5.194e+01 2.167e-01 4.299e-01 1.161e-03 2.155e-01 1.204e-02 1.834e-01
2.601e+02 3.244e+02 6.437e+01 1.590e+01 5.128e+01 2.185e-01 4.335e-01 1.173e-03 2.173e-01 1.251e-02 1.850e-01
2.606e+02 3.252e+02 6.459e+01 1.569e+01 5.062e+01 2.204e-01 4.373e-01 1.184e-03 2.192e-01 1.299e-02 1.868e-01
2.613e+02 3.261e+02 6.481e+01 1.549e+01 4.996e+01 2.224e-01 4.412e-01 1.197e-03 2.212e-01 1.349e-02 1.885e-01
2.619e+02 3.269e+02 6.503e+01 1.528e+01 4.930e+01 2.244e-01 4.451e-01 1.209e-03 2.232e-01 1.401e-02 1.904e-01
2.625e+02 3.278e+02 6.526e+01 1.508e+01 4.864e+01 2.264e-01 4.492e-01 1.222e-03 2.252e-01 1.455e-02 1.922e-01
2.632e+02 3.287e+02 6.549e+01 1.487e+01 4.798e+01 2.285e-01 4.534e-01 1.235e-03 2.273e-01 1.510e-02 1.942e-01
2.639e+02 3.296e+02 6.573e+01 1.467e+01 4.731e+01 2.307e-01 4.577e-01 1.248e-03 2.295e-01 1.568e-02 1.962e-01
2.646e+02 3.306e+02 6.597e+01 1.446e+01 4.665e+01 2.330e-01 4.621e-01 1.262e-03 2.317e-01 1.628e-02 1.982e-01
2.653e+02 3.315e+02 6.621e+01 1.426e+01 4.599e+01 2.353e-01 4.667e-01 1.276e-03 2.340e-01 1.690e-02 2.003e-01
2.661e+02 3.325e+02 6.646e+01 1.405e+01 4.533e+01 2.376e-01 4.714e-01 1.290e-03 2.363e-01 1.754e-02 2.025e-01
2.668e+02 3.335e+02 6.671e+01 1.385e+01 4.467e+01 2.401e-01 4.762e-01 1.305e-03 2.388e-01 1.821e-02 2.048e-01
2.676e+02 3.346e+02 6.697e+01 1.364e+01 4.401e+01 2.426e-01 4.812e-01 1.320e-03 2.413e-01 1.891e-02 2.071e-01
2.684e+02 3.357e+02 6.723e+01 1.344e+01 4.335e+01 2.452e-01 4.864e-01 1.336e-03 2.438e-01 1.963e-02 2.095e-01
2.693e+02 3.368e+02 6.750e+01 1.323e+01 4.268e+01 2.479e-01 4.917e-01 1.352e-03 2.465e-01 2.038e-02 2.120e-01
2.702e+02 3.379e+02 6.778e+01 1.303e+01 4.202e+01 2.506e-01 4.972e-01 1.369e-03 2.493e-01 2.117e-02 2.146e-01
2.711e+02 3.391e+02 6.806e+01 1.282e+01 4.136e+01 2.535e-01 5.028e-01 1.386e-03 2.521e-01 2.198e-02 2.173e-01
2.720e+02 3.403e+02 6.835e+01 1.262e+01 4.070e+01 2.565e-01 5.087e-01 1.403e-03 2.551e-01 2.283e-02 2.201e-01
2.729e+02 3.416e+02 6.864e+01 1.241e+01 4.004e+01 2.595e-01 5.148e-01 1.422e-03 2.581e-01 2.372e-02 2.230e-01
2.739e+02 3.429e+02 6.894e+01 1.221e+01 3.938e+01 2.627e-01 5.211e-01 1.440e-03 2.612e-01 2.465e-02 2.261e-01
2.749e+02 3.442e+02 6.925e+01 1.200e+01 3.872e+01 2.660e-01 5.276e-01 1.460e-03 2.645e-01 2.561e-02 2.292e-01
2.760e+02 3.456e+02 6.957e+01 1.180e+01 3.805e+01 2.694e-01 5.343e-01 1.480e-03 2.679e-01 2.662e-02 2.325e-01
2.771e+02 3.470e+02 6.990e+01 1.159e+01 3.739e+01 2.729e-01 5.413e-01 1.501e-03 2.714e-01 2.768e-02 2.359e-01
2.782e+02 3.484e+02 7.023e+01 1.139e+01 3.673e+01 2.766e-01 5.486e-01 1.522e-03 2.751e-01 2.879e-02 2.394e-01
2.794e+02 3.500e+02 7.057e+01 1.118e+01 3.607e+01 2.804e-01 5.562e-01 1.545e-03 2.789e-01 2.995e-02 2.431e-01
2.806e+02 3.515e+02 7.092e+01 1.098e+01 3.541e+01 2.844e-01 5.641e-01 1.568e-03 2.828e-01 3.116e-02 2.470e-01
2.818e+02 3.531e+02 7.129e+01 1.077e+01 3.475e+01 2.885e-01 5.723e-01 1.592e-03 2.869e-01 3.244e-02 2.511e-01
2.831e+02 3.548e+02 7.166e+01 1.057e+01 3.409e+01 2.928e-01 5.808e-01 1.617e-03 2.912e-01 3.378e-02 2.553e-01
2.845e+02 3.565e+02 7.204e+01 1.036e+01 3.342e+01 2.973e-01 5.897e-01 1.644e-03 2.957e-01 3.519e-02 2.598e-01
2.859e+02 3.583e+02 7.244e+01 1.016e+01 3.276e+01 3.020e-01 5.991e-01 1.671e-03 3.004e-01 3.667e-02 2.645e-01
2.873e+02 3.602e+02 7.285e+01 9.952e+00 3.210e+01 3.069e-01 6.088e-01 1.699e-03 3.052e-01 3.823e-02 2.694e-01
2.888e+02 3.621e+02 7.327e+01 9.747e+00 3.144e+01 3.121e-01 6.190e-01 1.729e-03 3.104e-01 3.988e-02 2.745e-01
2.904e+02 3.641e+02 7.371e+01 9.541e+00 3.078e+01 3.175e-01 6.297e-01 1.760e-03 3.157e-01 4.162e-02 2.800e-01
2.920e+02 3.662e+02 7.416e+01 9.336e+00 3.012e+01 3.231e-01 6.409e-01 1.793e-03 3.213e-01 4.346e-02 2.857e-01
2.937e+02 3.683e+02 7.463e+01 9.131e+00 2.946e+01 3.291e-01 6.526e-01 1.827e-03 3.272e-01 4.540e-02 2.918e-01
2.955e+02 3.706e+02 7.511e+01 8.926e+00 2.879e+01 3.353e-01 6.650e-01 1.863e-03 3.334e-01 4.747e-02 2.982e-01
2.973e+02 3.729e+02 7.562e+01 8.721e+00 2.813e+01 3.418e-01 6.780e-01 1.900e-03 3.399e-01 4.966e-02 3.049e-01
2.992e+02 3.753e+02 7.614e+01 8.516e+00 2.747e+01 3.488e-01 6.917e-01 1.940e-03 3.468e-01 5.199e-02 3.121e-01
3.012e+02 3.779e+02 7.668e+01 8.311e+00 2.681e+01 3.561e-01 7.062e-01 1.982e-03 3.541e-01 5.447e-02 3.198e-01
3.033e+02 3.805e+02 7.724e+01 8.106e+00 2.615e+01 3.638e-01 7.215e-01 2.026e-03 3.618e-01 5.711e-02 3.279e-01
3.055e+02 3.833e+02 7.783e+01 7.901e+00 2.549e+01 3.720e-01 7.377e-01 2.072e-03 3.699e-01 5.993e-02 3.366e-01
3.078e+02 3.862e+02 7.845e+01 7.696e+00 2.483e+01 3.806e-01 7.549e-01 2.122e-03 3.785e-01 6.295e-02 3.459e-01
3.101e+02 3.892e+02 7.909e+01 7.491e+00 2.416e+01 3.898e-01 7.731e-01 2.174e-03 3.876e-01 6.620e-02 3.558e-01
3.127e+02 3.924e+02 7.976e+01 7.286e+00 2.350e+01 3.996e-01 7.925e-01 2.230e-03 3.974e-01 6.968e-02 3.664e-01
3.153e+02 3.957e+02 8.046e+01 7.081e+00 2.284e+01 4.101e-01 8.132e-01 2.289e-03 4.078e-01 7.342e-02 3.779e-01
3.181e+02 3.993e+02 8.119e+01 6.876e+00 2.218e+01 4.212e-01 8.354e-01 2.353e-03 4.189e-01 7.747e-02 3.902e-01
3.210e+02 4.029e+02 8.196e+01 6.671e+00 2.152e+01 4.332e-01 8.591e-01 2.420e-03 4.307e-01 8.184e-02 4.035e-01
3.241e+02 4.068e+02 8.278e+01 6.466e+00 2.086e+01 4.460e-01 8.845e-01 2.493e-03 4.435e-01 8.659e-02 4.180e-01
3.273e+02 4.109e+02 8.363e+01 6.261e+00 2.020e+01 4.598e-01 9.118e-01 2.571e-03 4.572e-01 9.175e-02 4.336e-01
3.307e+02 4.153e+02 8.453e+01 6.056e+00 1.954e+01 4.746e-01 9.413e-01 2.655e-03 4.720e-01 9.738e-02 4.507e-01
3.344e+02 4.199e+02 8.549e+01 5.851e+00 1.887e+01 4.907e-01 9.732e-01 2.746e-03 4.880e-01 1.035e-01 4.694e-01
3.383e+02 4.248e+02 8.650e+01 5.646e+00 1.821e+01 5.081e-01 1.008e+00 2.844e-03 5.053e-01 1.103e-01 4.899e-01
3.424e+02 4.299e+02 8.757e+01 5.441e+00 1.755e+01 5.271e-01 1.045e+00 2.952e-03 5.241e-01 1.178e-01 5.124e-01
3.467e+02 4.355e+02 8.871e+01 5.236e+00 1.689e+01 5.478e-01 1.086e+00 3.068e-03 5.447e-01 1.260e-01 5.373e-01
3.514e+02 4.413e+02 8.993e+01 5.031e+00 1.623e+01 5.705e-01 1.131e+00 3.196e-03 5.673e-01 1.351e-01 5.649e-01
3.564e+02 4.477e+02 9.123e+01 4.826e+00 1.557e+01 5.954e-01 1.181e+00 3.337e-03 5.921e-01 1.454e-01 5.958e-01
3.618e+02 4.544e+02 9.262e+01 4.621e+00 1.491e+01 6.230e-01 1.235e+00 3.492e-03 6.195e-01 1.568e-01 6.303e-01
3.676e+02 4.617e+02 9.412e+01 4.416e+00 1.424e+01 6.536e-01 1.296e+00 3.664e-03 6.499e-01 1.697e-01 6.693e-01
3.739e+02 4.696e+02 9.573e+01 4.211e+00 1.358e+01 6.877e-01 1.364e+00 3.857e-03 6.838e-01 1.844e-01 7.134e-01
3.806e+02 4.781e+02 9.748e+01 4.006e+00 1.292e+01 7.259e-01 1.440e+00 4.072e-03 7.219e-01 2.012e-01 7.639e-01
3.880e+02 4.874e+02 9.938e+01 3.800e+00 1.226e+01 7.691e-01 1.525e+00 4.315e-03 7.648e-01 2.204e-01 8.218e-01
3.961e+02 4.975e+02 1.015e+02 3.595e+00 1.160e+01 8.182e-01 1.623e+00 4.591e-03 8.136e-01 2.428e-01 8.890e-01
4.049e+02 5.086e+02 1.037e+02 3.390e+00 1.094e+01 8.744e-01 1.734e+00 4.907e-03 8.694e-01 2.689e-01 9.676e-01
4.146e+02 5.209e+02 1.062e+02 3.185e+00 1.028e+01 9.392e-01 1.863e+00 5.272e-03 9.340e-01 2.998e-01 1.060e+00
4.255e+02 5.345e+02 1.090e+02 2.980e+00 9.614e+00 1.015e+00 2.013e+00 5.697e-03 1.009e+00 3.368e-01 1.171e+00
4.376e+02 5.497e+02 1.121e+02 2.775e+00 8.953e+00 1.104e+00 2.190e+00 6.199e-03 1.098e+00 3.815e-01 1.306e+00
4.512e+02 5.668e+02 1.156e+02 2.570e+00 8.291e+00 1.211e+00 2.401e+00 6.797e-03 1.204e+00 4.366e-01 1.471e+00
4.667e+02 5.863e+02 1.196e+02 2.365e+00 7.630e+00 1.340e+00 2.657e+00 7.523e-03 1.332e+00 5.055e-01 1.678e+00
4.845e+02 6.086e+02 1.242e+02 2.160e+00 6.968e+00 1.499e+00 2.973e+00 8.417e-03 1.491e+00 5.937e-01 1.943e+00
5.051e+02 6.346e+02 1.295e+02 1.955e+00 6.307e+00 1.699e+00 3.370e+00 9.543e-03 1.690e+00 7.091e-01 2.289e+00
5.296e+02 6.653e+02 1.357e+02 1.750e+00 5.646e+00 1.958e+00 3.883e+00 1.100e-02 1.947e+00 8.648e-01 2.757e+00
5.589e+02 7.022e+02 1.433e+02 1.545e+00 4.984e+00 2.302e+00 4.565e+00 1.293e-02 2.289e+00 1.083e+00 3.411e+00
5.951e+02 7.477e+02 1.526e+02 1.340e+00 4.323e+00 2.779e+00 5.511e+00 1.561e-02 2.763e+00 1.403e+00 4.373e+00
6.411e+02 8.054e+02 1.643e+02 1.135e+00 3.661e+00 3.474e+00 6.890e+00 1.951e-02 3.455e+00 1.904e+00 5.875e+00
7.020e+02 8.820e+02 1.800e+02 9.300e-01 3.000e+00 4.563e+00 9.049e+00 2.563e-02 4.537e+00 2.757e+00 8.433e+00
